# Lorenz + 20% Gaussian noise; columns: x y z
-2.47767233 -4.92786455 17.58666831
-5.03133396 -6.24868364 17.78707661
-2.77922445 -5.43079032 16.06606455
-3.24786495 -7.18915162 19.10778961
-8.81355314 -11.90742028 17.82773768
-9.00227660 -9.38298656 15.56054412
-8.18708911 -13.76830022 17.06494893
-10.53100068 -17.68318382 20.97487581
-11.74788757 -15.02700473 22.37842217
-14.55278018 -16.25355168 30.27000985
-12.72067518 -18.12044641 33.31588377
-12.92382470 -9.47888861 36.47585933
-13.12657699 -7.47933949 38.68057228
-9.74256330 -4.97638345 40.02903853
-8.68849046 0.61631657 35.59034004
-8.68958370 -0.36643493 32.71985737
-4.90205061 0.00740800 33.01235983
-5.53621768 -0.95251085 29.72067612
-1.53331851 1.17363024 25.33274933
-2.24344714 0.75118292 23.90080420
-1.96058303 -0.35660250 22.40324020
-2.45323842 -2.09301263 21.01495285
0.70468986 -0.73867596 16.52896993
-1.45341824 -1.42225980 14.79986717
-1.95977969 -4.06652411 14.63548715
-1.99820419 -4.76444653 13.33438688
-0.84619154 -1.66231334 12.84030153
-1.46083378 -8.07645523 14.12515256
-1.85888669 -3.95674600 11.99613328
-2.45728069 -6.39015864 12.07863582
-0.56805536 -4.72113459 9.38401029
-5.67387882 -9.92901863 10.85398153
-7.20469490 -10.29517034 13.44214061
-9.37183356 -15.00528993 15.18275792
-9.10925703 -16.98868875 15.95813005
-10.47464864 -18.16421641 22.12833571
-14.46069455 -20.98227207 31.63483421
-16.93361012 -16.38486745 34.09099009
-17.00144839 -15.47653654 37.56327861
-13.36776754 -7.44243394 40.20934907
-10.84381091 -1.29052895 39.62616197
-8.31784703 1.54670933 36.53384372
-7.50387969 5.47430590 33.62142140
-3.78727696 1.25199728 28.24885846
-2.19658111 0.20994686 26.46262322
-0.73531373 0.77687304 25.56827506
1.22618684 3.62493255 23.51288852
0.86236754 3.29327914 21.00927685
2.08397724 2.66782327 20.04095997
1.52432251 0.69604241 18.97725684
2.26130956 4.48229157 19.08282868
3.21280736 1.46423786 16.23242546
0.37998388 6.51822935 16.11217365
2.76718407 10.58205944 13.73529180
3.25940814 7.40226621 15.15717483
3.91615511 9.42004282 14.70169091
5.64981691 9.47440183 15.94889264
9.87047289 9.41221496 16.83335934
7.79675981 14.00917700 18.76078413
12.53812446 15.25195396 20.94050926
10.13260169 15.72871765 26.07550006
13.66511251 20.77106599 32.61919420
15.02816193 15.44567521 34.19603704
15.18873738 11.43699731 36.93760749
13.85726711 5.71550101 38.72925684
11.80014724 2.37566500 37.64888576
7.62038080 2.18203722 33.07609709
5.26822068 -0.70645307 31.67520099
5.57658306 -0.05731298 29.07032905
2.55556350 -1.34510579 23.07966386
-0.13912442 -1.43114759 24.37573833
-0.58409513 -3.13414462 22.54808784
-0.68844912 -3.97018164 20.77438556
1.27149575 -0.73124332 21.85459787
0.53287340 -0.04532752 15.84321265
1.29549920 -2.37656530 15.13518210
-0.53545364 -0.06378174 10.79535716
0.36252243 0.14381062 13.27782500
1.09193872 -3.78709699 12.34004807
-0.38634908 -1.51177547 11.14324270
0.84203180 0.91615481 12.99540558
-0.90567294 0.94095519 11.71927197
-0.39546229 -1.75093176 9.58998533
-0.37415144 0.71341931 8.09563589
-1.59468495 2.40756680 9.82486897
1.16649886 2.15598042 7.41687705
-0.22141421 0.84508379 5.48539853
0.71548970 0.52776999 3.43567741
1.69468067 0.71967305 5.17098537
1.96540017 3.35177448 6.83733396
2.75412874 3.76824290 9.14579200
2.14808934 5.79482078 5.17292488
2.46265909 6.58830079 3.79811200
4.13507626 10.06814128 3.49924644
3.11399354 11.78371617 7.50671567
5.49827140 16.79678358 5.62624941
8.22155677 21.15192743 13.48247091
11.67043685 21.85612540 20.33072937
16.75104399 21.37426704 28.55128257
16.57781670 24.26934717 36.91238449
17.36081905 14.47778380 44.75115111
17.77304542 2.05036666 45.39292933
11.41998367 -2.88632668 40.96145984
9.08321231 -3.78572066 41.21188980
2.83528569 -6.94796233 33.46773457
1.15932851 -7.56677124 32.24861005
-2.10872988 -3.96101775 24.31976701
-2.64161769 -8.20177030 28.72878852
-1.85745718 -7.74651267 27.50590147
-6.76037437 -6.13854172 23.78428785
-4.03510029 -6.24384890 23.71807887
-5.00255752 -6.68799965 23.02792278
-7.00028219 -6.75625058 20.58597077
-9.08245438 -8.99683033 22.60678404
-7.48038979 -9.50962123 20.66357955
-9.29839109 -11.86845695 21.83521990
-8.97348118 -12.13434862 26.10409000
-10.13828832 -12.55946925 27.52135195
-8.31967784 -12.36119172 26.54191945
-11.65831816 -10.76164754 28.34426430
-12.97668527 -10.00393193 30.00266081
-10.77500203 -9.39367235 33.29511677
-10.07893322 -9.31313947 30.55213081
-7.40616423 -6.28973199 32.45634553
-7.26056485 -5.35233927 32.19979666
-7.06261335 -4.23698929 29.53848599
-4.46575500 -0.27123782 30.04228563
-7.99648036 -5.14093443 26.38040417
-6.65095187 -3.62180826 25.18859067
-6.82624175 -2.82884143 22.63275090
-5.88679538 -5.10096721 24.95063721
-7.53879543 -1.74397116 20.96309294
-4.60856858 -7.44149778 22.16884054
-6.39257623 -7.12693022 21.00131661
-8.95124727 -10.21564849 19.19563986
-8.94415626 -10.57305641 20.22103873
-7.67152604 -10.66569469 24.35870014
-7.75338296 -10.64525526 23.55166239
-6.83309791 -12.35529857 23.15883021
-6.19212650 -10.92961585 27.44612929
-10.73471086 -12.98342265 28.77960894
-13.19498992 -12.36436689 36.80877367
-14.83484317 -5.33141342 32.66570752
-10.46254447 -7.69559499 32.05550245
-11.29926651 -8.01784597 34.91960481
-9.62350203 -6.62227340 28.47602372
-8.87020069 -6.14872014 30.55248703
-7.15392101 -2.27372497 32.36006054
-4.44435937 -4.46994041 27.22928544
-5.29408570 -3.69600965 22.99150045
-5.41352937 -4.35339796 23.91490188
-6.62581245 -3.40253389 25.85084247
-7.64869608 -6.86726423 22.92611580
-5.95553038 -8.04981435 19.96684586
-5.63566146 -6.62690744 19.59846906
-3.27707370 -7.01093908 19.48173424
-6.55160197 -8.68808754 21.09409572
-6.02864855 -12.01787777 23.25260174
-9.32366810 -10.59832912 23.76025488
-11.41405241 -14.22250800 24.27746102
-12.03631804 -14.48772704 23.24140314
-12.46126752 -15.26420166 25.56792255
-8.43929767 -10.47390183 31.04681888
-13.18756507 -10.18912711 29.65507628
-10.16450225 -8.35372240 32.64340921
-12.12154785 -5.27311277 33.74381761
-8.14865886 -0.74609753 30.66547546
-7.84229939 -7.61670675 29.68882810
-7.57345654 -5.10780749 29.78102145
-6.41685293 -4.54332210 29.20465121
-6.62489630 -4.94299257 28.56540588
-4.34106188 -5.56928423 26.26482135
-5.45079729 -4.56565097 23.94663491
-6.55908699 -6.76043557 21.28448905
-6.72249252 -4.65538324 19.64883258
-4.68101773 -5.99903116 19.74471965
-2.87597865 -6.22152209 20.71894421
-5.72165162 -7.33225251 20.30816095
-6.92910931 -8.46312722 16.24031052
-7.20449613 -11.61380959 19.09527169
-6.62399755 -8.50106547 23.67653764
-9.44681810 -13.03188425 23.53897904
-11.50224318 -17.45475714 23.30694297
-9.95057569 -15.80051995 32.41176481
-11.50724549 -16.13163781 30.82142375
-9.73493457 -11.23007572 33.42042719
-11.34489556 -9.28340277 34.42448514
-12.60591691 -7.72451071 33.08466766
-11.59890704 -1.46323797 31.58943547
-5.50582966 -2.85272620 35.05809370
-4.17702130 -1.83789247 31.47124376
-6.17360806 -4.56795860 29.41601848
-5.72177008 -4.75218201 27.29594364
-2.27127902 -3.15719590 22.99080131
-6.04328942 -3.34297468 25.44062625
-5.61708688 -7.56148271 20.49359933
-3.27606834 -5.25567990 21.29844210
-5.19853791 -5.76327965 17.08195372
-5.03574416 -7.19838070 15.73239086
-5.90930546 -9.48288430 19.44049590
-5.91442845 -10.37899187 17.57297997
-5.19269005 -11.24974118 16.12800016
-8.39996349 -12.30700115 21.66500928
-8.73122143 -12.73912489 26.25810624
-14.18554809 -12.72983888 27.54201752
-12.00965954 -15.22622334 27.66555603
-13.87498619 -14.47846736 31.01707092
-14.51877962 -10.95225174 34.76391677
-13.42490120 -8.23245860 36.34489821
-11.51439316 -7.62038765 33.87389139
-8.16697532 -3.36203386 33.58647646
-10.26234435 -1.61258427 32.45155735
-6.75495952 -0.27561138 31.05814350
-6.43225178 0.89315129 27.99657129
-5.31207907 -3.90692893 26.19389836
-2.60073128 -2.57855474 27.05483862
-2.97812650 -2.99062981 25.18576194
-1.56968461 -3.71834975 22.50531202
-3.97983113 -5.36711034 23.38134943
-5.06216668 -7.66863824 18.70566932
-4.71352605 -5.79165877 21.31852343
-4.54299640 -8.49968666 18.91283061
-5.39741762 -8.33938447 23.40419425
-8.33813339 -11.50629567 16.02427654
-7.60525819 -13.77813555 17.76624599
-8.66954562 -13.08968854 21.27260290
-6.40310144 -14.63216727 23.66108363
-8.70600160 -14.55279839 29.45483577
-14.02315819 -11.24597165 28.41758951
-13.57840722 -13.03737809 34.21624767
-15.20347932 -10.06271628 36.74926726
-12.90636195 -9.88680094 36.68885450
-10.05427733 -7.59283212 33.24779420
-6.99214877 -0.47692987 35.80802508
-8.43876718 -3.81412220 33.56329105
-6.90640432 -3.50693468 30.40510877
-8.15308652 -1.60692600 27.69939160
-4.19225628 -1.85605861 25.83258320
-5.07782998 -3.63642515 23.54625031
-3.93086334 -2.99156108 23.16660258
-4.38163645 -0.75767813 20.65953746
-3.22068286 -5.04794494 17.85117290
-6.09376628 -6.86990685 16.38831280
-6.02947789 -3.60315324 15.98553719
-0.89548106 -5.55736524 17.00184846
-7.05551685 -8.94797672 16.24976076
-7.70477134 -12.33888252 16.78425076
-4.22571862 -12.73611727 17.98676113
-3.90976902 -13.50830859 17.53618884
-11.89775536 -13.17651824 23.54421982
-12.16896141 -18.37337949 23.95067969
-12.36532225 -16.73682166 27.69802243
-10.96323332 -13.87857330 33.24094720
-15.26523456 -16.60267469 32.18188449
-13.25235273 -6.95224805 35.30463999
-10.11089647 -7.58381988 38.01958322
-8.76485862 -2.33159289 31.77027743
-8.13126758 -0.95816334 34.50108262
-6.04499387 1.26984838 32.86000346
-6.64145122 0.49542431 27.38588135
-3.82113929 -4.87210048 26.42584640
-3.16039172 -2.26431567 25.91481371
-1.92547968 -0.93946809 21.42173562
-2.93814535 -1.92438997 22.08879368
-1.24461113 -1.15230481 17.96828008
-0.45912093 -1.10315982 16.96217318
-2.01827398 -2.04345974 15.21872387
-2.03333212 -4.28439607 16.14834364
-2.97075334 -8.17596110 16.70597028
-3.68007473 -6.88061737 13.79983804
-5.63768604 -6.81387605 11.65082090
-5.03590734 -11.37667960 12.14059100
-6.99879908 -10.51303708 15.48083082
-5.10043712 -12.48131102 19.65370522
-7.72610495 -16.26293711 20.01513546
-11.48642792 -23.70174866 22.81225495
-14.95734638 -20.69447102 29.88786965
-16.51121065 -13.07514698 33.24399262
-12.82539143 -13.70618431 36.67080722
-13.15150999 -11.70035467 37.07580700
-10.80989484 -1.75799565 40.34970201
-11.94743567 -1.08283527 31.34376445
-5.38455603 2.43245890 34.38084764
-4.14143216 1.56764507 29.54228804
-5.06208335 2.00046598 27.16792758
-2.90349555 1.69895599 28.54536857
-0.93470383 2.10043404 22.39734277
-0.72645113 4.75255301 20.61661147
-0.91359042 2.25618263 19.87460756
-0.38014454 -2.42971708 19.25895808
-0.46051960 1.16407550 16.36310561
0.28739524 2.40187881 13.10434854
2.45850499 2.53512670 13.10522084
-3.86995123 -0.33870846 15.66932661
-0.10649008 2.61463120 12.56652925
0.63036960 2.31934368 12.26114133
0.92106656 5.45850927 10.16394068
-0.00708797 -0.27037760 8.67915226
-2.02948498 0.49879247 11.95896317
1.50276506 1.31063288 8.10011218
4.02627680 1.58885610 7.08524139
-0.72810956 1.69248294 9.24887184
3.62921183 -0.56285425 5.78126858
2.49008563 5.12775786 5.84731482
3.92351396 8.57750925 7.05588135
3.69791966 9.62061576 7.74604722
6.60754589 17.27902536 9.78933388
11.43428768 17.62201367 15.93772906
12.93607357 23.57068186 17.98851806
17.49054861 23.82305265 20.71514205
18.76533571 23.54810545 34.03584994
18.28124938 17.14427426 40.77881878
19.06263875 11.40162177 43.95068231
14.06744795 1.87193748 43.18713950
10.99600573 -1.88912205 39.18725197
5.65460760 -4.21899558 35.23739638
3.27338141 -6.02328511 32.97288694
-0.19261106 -4.77328109 28.22207682
0.83799410 -1.33020385 25.27895621
-3.78332107 -5.76345974 30.23247819
-1.55477473 -4.63200057 22.25655182
-3.80983377 -3.45145524 22.35585804
-2.29281860 -4.21644181 18.57472608
-3.60827605 -7.02275344 20.57411333
-2.62675157 -12.32128363 18.32618890
-5.16339881 -8.29121675 19.10976250
-9.74145868 -14.53505750 22.06628032
-8.39625608 -9.25871774 22.04424962
-11.25489140 -12.81749744 23.78581335
-11.30960637 -12.15559799 21.92259166
-9.03321991 -15.74119694 30.65742513
-11.03651542 -16.21091548 28.02303213
-13.31567605 -11.40327199 34.82965091
-13.44851837 -9.81800558 35.24981527
-10.95018708 -8.44742966 34.79256097
-11.76498800 -5.49372490 31.72942434
-9.60813228 0.75537025 32.20389981
-6.80121127 -1.85961837 29.52398773
-4.38356309 -1.08457571 28.64922522
-4.39727441 -1.40773418 26.45752139
-8.38349021 -0.46657805 21.75773969
-3.89631592 -3.84856654 25.67236179
-4.10377748 -7.72615569 22.24704073
-3.60109799 -5.02669601 20.36240400
-1.91685096 -4.02785566 19.24100582
-8.13540967 -8.19885149 20.06681789
-6.36601480 -7.91935609 17.46431020
-5.23500922 -10.17378432 15.04841228
-9.59051247 -7.70881768 20.00655504
-5.80935963 -10.61145743 21.15785488
-8.75075313 -12.22156235 21.58264759
-9.20957266 -13.33230362 22.30040014
-12.53949425 -14.86012119 27.27152864
-11.10246971 -13.76762961 27.58022662
-10.93998258 -14.60911454 30.82919935
-11.90792762 -14.05309893 32.86616961
-10.99456036 -7.29552309 36.00115342
-9.64030807 -4.75400959 33.26064164
-9.97594366 -1.54915323 31.70316607
-7.43376714 0.06244177 34.05923258
-6.22422219 0.47660838 29.41873263
-4.42005871 -4.10478132 27.53781494
-2.76106757 -3.13865439 24.57045091
-5.59211739 -2.00549027 22.56009540
-3.90633198 1.19007224 18.35865766
-1.35020803 -1.31890448 22.46276133
-5.04935335 -2.71661209 20.44328347
-5.51855943 -6.33445056 18.45602651
-4.40753836 -8.32261726 17.88132949
-4.08389259 -6.62473183 19.06656659
-6.28652459 -11.54370793 15.25432449
-5.26687255 -11.68360000 17.57635570
-7.25685579 -13.19641243 18.01361778
-8.63609328 -11.66218685 25.18377044
-10.42467796 -16.13070592 26.57841680
-8.72617575 -19.84794040 24.71465615
-13.38020576 -13.28498939 29.17422429
-16.21752435 -13.06153281 34.02383762
-9.78074265 -8.76396944 34.59914203
-11.75535600 -6.18755076 32.94360016
-9.24704297 -4.33416949 37.29616794
-5.68963527 -1.01464782 32.64804597
-8.81366947 -4.48865750 30.85729558
-7.04251296 -2.43785077 26.80295038
-6.68236031 -0.36472870 27.27903240
-4.77621524 -2.97463070 23.57388999
-2.44362300 -5.16014939 22.07440712
-2.14900416 -1.55478135 22.09401457
-2.56401021 -1.32712410 16.89391690
-5.42242467 -4.14298346 21.24484551
-7.18720122 -8.45784244 17.82790657
-3.94657380 -4.72692573 18.95989145
-5.46057038 -10.28425408 14.46473567
-4.86400266 -8.31548806 14.67191120
-5.57308242 -12.29493958 14.74378668
-7.77448831 -14.78980954 18.35274549
-8.27982146 -15.46491280 20.12187162
-10.69289003 -16.53541846 22.28553535
-11.65902160 -17.92862352 25.22445662
-14.63815434 -14.81074417 28.90375692
-14.10893196 -14.24884761 34.41264834
-12.95457208 -8.22317108 35.65054479
-10.62948103 -5.94703660 35.47759146
-10.72483611 -4.86201791 38.08732444
-7.31806742 -3.30879677 33.25623389
-6.76135473 -3.75780612 33.25435660
-5.03284085 0.07124225 27.86381117
-2.38977059 -1.11044051 27.03955065
-6.05087953 -4.95310857 24.53141614
-4.41536086 -1.95943326 19.88276920
-4.40498399 -2.97763910 23.56783550
-5.62607986 1.06790929 19.35046889
-3.02320711 -5.29592373 19.46863503
-0.90957294 -5.38078555 15.64491242
-2.81698159 -1.47486934 15.55106581
-2.45088010 -1.88398539 13.41620262
-1.58393587 -6.74062212 16.30374641
-1.92705151 -7.89725964 14.26949938
-5.07236240 -7.35520309 14.29250191
-3.99670648 -14.71258646 16.46093494
-7.44770100 -16.25366972 17.34402347
-10.64033480 -15.91249385 18.96280346
-12.14599838 -14.78389942 18.76351730
-15.38292326 -19.43640091 24.77938252
-15.83161762 -17.64345236 29.54579684
-15.50739266 -12.76633808 37.10818596
-13.03988458 -6.50681153 38.73880825
-9.91539517 -6.83593945 36.30618237
-12.54248354 -2.26740490 36.71610787
-7.30158213 3.21568229 31.89866064
-7.37550063 -1.76717737 31.61809322
-3.18358142 3.13757814 26.27002743
-2.78972458 -0.58139623 27.66069316
-4.51234537 1.25953057 25.27485106
0.52973517 0.44899164 25.97112185
-1.44817241 -0.99011810 22.39079332
-1.03346269 -1.13189239 18.59427323
-1.67570305 1.09363951 19.23687783
-0.86695831 2.40144994 14.06561059
0.97004893 0.44380635 13.55086156
0.10699983 0.92180565 14.61256599
1.05111034 2.00025820 9.27008043
1.25069816 -0.52685552 11.93119549
2.95444790 2.88780438 9.35278559
0.55750932 3.48524771 10.47392916
-0.92374507 7.30293045 7.74295522
3.52558896 2.76162480 9.72356258
1.86614444 3.70919843 8.57924208
4.90270923 7.36638734 10.71380013
4.73513113 9.38270593 8.40619802
5.22417128 9.43968783 7.68266717
7.67526258 12.74956046 10.04221302
12.32886980 17.95035950 10.95334976
15.01072837 18.85532303 18.62283976
14.38705554 21.61566577 25.66161940
16.56908605 21.54533470 36.78690764
18.77001584 18.45213395 38.30643866
14.68484828 8.51001824 42.24833891
13.94793369 -0.29987670 41.20102983
10.00754695 -4.98873439 39.51274746
7.19273718 -6.07376033 36.11874437
2.52159577 -6.96276491 32.00669514
-0.88500503 -4.96839461 31.13619670
-3.27461074 -6.69835632 25.85857639
-2.93013420 -5.73218564 26.61821581
-2.74996084 -5.91976605 24.14219791
-3.16517890 -5.57700128 21.73235479
-0.23119411 -2.87791122 19.97466325
-2.14476881 -4.76370556 23.68341236
-6.07600178 -6.85611924 17.39851398
-4.76048946 -8.88156332 18.92673413
-6.85078861 -10.22735058 17.16651478
-7.70585474 -10.42778508 22.08236860
-8.15734507 -11.59087995 21.75907326
-8.76258125 -15.73075090 21.05025648
-11.55656167 -14.99136496 25.78053322
-10.41737828 -18.78585363 28.50932421
-14.57714915 -13.70239518 30.28289927
-12.82919822 -10.60762031 34.91224819
-8.13514498 -9.75981211 35.55259851
-10.75288849 -3.31456602 35.26361349
-7.35115559 -6.00109432 33.78248476
-7.91400868 -2.56814158 32.91945796
-5.69777026 -2.24457213 30.62109224
-5.51110074 -2.07711537 28.34812541
-4.77809653 -2.14693210 25.24460932
-5.10869051 -2.00499655 27.47234538
-2.80629030 -1.06930974 21.12702259
-4.67147453 -0.62354343 22.17758379
-2.29500675 -3.72068139 19.57122348
-1.82363823 -3.00025105 21.99804759
-3.32108709 -6.64107039 16.49621598
-4.88613169 -5.10869637 16.10782368
-4.42210815 -9.19184958 15.35496308
-6.53410304 -7.43720366 17.65258581
-5.67409291 -7.21865890 15.39085974
-11.36160129 -13.29996581 18.29785652
-10.43109679 -18.76011552 17.65926285
-14.50330669 -16.96707996 24.87318005
-14.96466026 -13.88242636 27.31442539
-11.20559374 -13.80297988 29.31013656
-12.00048863 -11.84279267 36.53658718
-13.83035091 -7.30569574 33.79593404
-13.70497451 -5.10461809 37.25779425
-14.28611743 -1.33961140 33.32412737
-8.65073045 -0.33360405 35.26297963
-2.33220292 1.52109766 31.61309448
-4.15284351 -0.33723807 26.43204916
-4.73413819 0.56570376 24.54775227
-2.42053445 -1.87231755 25.26971515
-5.20239230 -2.76263334 22.04316235
-2.98484003 0.95198193 20.61565111
-2.32203885 -2.23983042 21.65147113
-2.73575548 -1.78972395 16.90069838
-1.60845517 -3.75525163 17.22671871
-2.72557069 -5.94551669 17.78626352
-2.78126844 -6.00523168 16.85375678
-5.68285138 -4.84918693 14.81886467
-4.13206863 -8.14741985 14.64683456
-4.17106676 -14.23491120 12.79453588
-9.72782516 -13.75961642 15.39493803
-11.24268398 -12.33214545 20.21332735
-9.43835794 -17.54952532 22.99667063
-13.40676855 -20.83102952 27.82254863
-11.89713409 -12.84278666 34.04303931
-14.98497876 -11.91353532 33.82466997
-11.14409404 -9.22963428 37.18970297
-11.57850447 -5.97751631 37.70581930
-9.27768640 -0.46380957 34.48074562
-5.06207580 -1.65102322 35.75516409
-6.20986042 2.19748932 32.33626600
-5.59227425 1.33413526 28.87007418
-3.66261908 0.71643609 29.23587706
-1.42638603 0.31976736 21.56123147
-4.08868777 -0.51971470 22.26798705
-0.27109495 1.40505364 21.21071184
-1.96299061 -2.30448804 17.45125380
0.76464745 -3.95071753 18.10168483
-4.88540076 -0.24743570 14.37157806
-2.45513147 -0.59496796 16.25513987
-4.07799041 -1.33397529 15.80038110
-2.99787803 -2.06068722 13.48841402
-1.68327743 -4.14172023 9.01253710
-2.87705794 -3.15235241 9.86906453
-3.68114021 -5.93751575 12.05908394
-4.43011577 -8.42381763 10.99069362
-5.01206252 -10.27743697 6.65776288
-8.40082457 -8.70925458 14.46230249
-7.51077472 -18.43307736 14.68866461
-9.71645574 -17.33826448 16.65781035
-12.40714207 -23.29845504 25.06173332
-14.07748680 -20.44064932 28.70623108
-15.52247516 -18.10866473 34.87487803
-12.42008409 -15.73425546 40.66144831
-14.02046301 -5.36426635 43.89882029
-11.66419889 -2.07100597 41.83896618
-9.41298721 -2.35794088 36.63549496
-7.15990390 4.18870052 33.62034588
-5.30668959 5.62855046 31.29550677
-3.08826683 5.69461121 25.26350071
-0.59204714 3.52449461 26.32847642
0.90495387 2.87633597 22.02178890
1.08561501 5.21879675 22.09482694
0.28643468 6.04409001 19.60797106
3.36376865 5.41271040 19.47960852
3.55089105 2.21954380 17.61719172
2.61972202 5.02196589 11.12705698
2.43097256 6.43509433 15.91572520
5.06445265 3.65589351 16.20273805
5.40351751 9.33103764 15.73582098
3.93948138 14.47169692 15.18432521
7.49478463 13.70988376 19.29152737
9.60747831 17.45494824 19.06286322
9.49506636 17.06169029 22.45009555
12.88638846 17.55678440 27.71283896
11.55867616 17.71592047 31.25933005
16.50436444 13.03178980 33.24525582
15.89165960 9.03425109 33.09742112
12.13072271 8.95980807 36.93285934
11.11109196 5.78640479 37.79442368
4.52342809 -0.64578137 33.61188084
4.47175259 1.76214499 33.07171746
4.14382401 -0.53294440 29.48096010
1.61201455 0.23171160 29.14374228
3.50899301 0.63240949 24.33177308
4.90843089 1.84498644 23.72650556
-0.52172184 0.47109199 22.03788004
-0.21295076 3.12299629 22.13461312
1.38714497 1.41213916 15.14793263
3.56469132 2.26860903 15.92896447
-0.84620123 -0.01804386 16.92588546
1.64015633 5.76950432 16.98959299
4.36486871 3.24560600 13.73057959
-0.81324772 4.34360987 11.92111672
0.21274808 1.02807762 12.97164337
2.15426979 3.56356542 12.59221523
2.76622008 8.73632345 10.16073420
5.87947445 8.90963341 11.39315012
6.26654584 7.29853446 13.46107406
4.70787913 15.43062580 16.15606697
10.32319849 15.66379415 16.90671852
10.82721358 21.91512261 20.05034448
15.96584947 20.56572774 25.85729086
14.60924710 19.86023881 33.62202257
15.09581462 17.39037338 38.04289121
15.96578792 7.90361410 41.27057288
14.07253352 2.10124041 38.68154508
10.66606541 -0.42731182 40.17747092
4.36396884 -0.69492508 32.77526632
5.36592795 -5.39509734 30.88223127
0.89759794 -6.15325704 29.05006357
1.44562763 -1.56868989 29.91972276
-2.23447654 -4.01074095 23.69619597
-0.02809464 -3.59886246 21.43302782
-2.58386741 -6.34110538 19.98294571
-3.81130346 -4.49362605 22.30546838
-1.09128746 -3.73585029 13.33940564
-2.31256825 -2.69499220 15.33409130
-4.21428063 -6.62771649 20.84082957
-1.60842943 -3.38936251 16.52344403
-5.43255475 -9.02841134 13.30041924
-5.70608992 -10.77158061 15.26879636
-6.57944920 -8.80944285 16.21096128
-9.47043160 -13.40031088 19.15295896
-9.40935036 -16.86209898 23.51243202
-12.69943358 -17.58113677 24.75706988
-13.97156182 -14.97632960 27.68229719
-12.02633297 -13.08103473 34.37761897
-15.80641847 -13.84780752 35.08658762
-16.97630410 -8.41386224 35.84193290
-8.83486542 -4.53915010 34.05476541
-5.22714590 -3.81864710 32.52593985
-7.80816651 -0.62338887 31.24255867
-8.40798614 0.15729913 28.26288778
-4.37996980 2.34834622 28.45976051
-3.26906853 2.34990762 23.69316557
-2.37107419 -0.64818764 18.37222760
-3.34845677 -0.71297301 20.15754134
-0.37889143 0.58691821 19.47080868
-0.32587737 -1.94752200 17.70861912
-3.49875371 -0.14421879 19.94775519
-0.08802392 -1.71235915 15.00048554
1.90831950 -3.72076270 16.39489385
-1.30560495 -4.22692234 13.80056164
-2.44152429 -0.58103226 12.83966841
-2.57729038 -4.34203124 10.70736419
-1.96892874 -2.25049312 11.45924479
-6.46509604 -7.58830839 9.93172981
-4.47711205 -8.03467586 11.59619867
-6.65585690 -6.62127191 11.53323275
-4.73939489 -15.60312569 11.82864009
-9.90704538 -20.08755655 17.90614131
-9.18371996 -16.92697430 21.30537662
-15.70348983 -21.88509770 25.68193797
-14.57528708 -19.06198678 33.17953577
-15.39575736 -15.94932870 38.01017587
-16.24544855 -8.64230459 39.10743197
-12.34226260 -5.45663116 40.17707593
-7.84917765 -0.33147599 36.49424464
-7.45018205 2.78415381 32.78876717
-7.18496333 0.93218085 28.58479133
-2.62505317 1.62266438 28.05574286
-2.61833899 2.15110117 27.28844695
-0.72181056 0.07462441 23.04896232
0.41267719 1.83720817 26.71747948
-1.61896554 2.89316494 22.25299403
-1.03568674 2.19499267 21.48349222
2.69942360 2.82298672 19.28552026
1.53807331 3.85675343 19.94570608
-1.19916263 3.50406103 14.44986886
4.71605834 6.96446805 10.66568280
4.65967513 9.63391787 13.84443396
4.04638894 7.86764354 15.51030426
4.27099705 11.57179576 15.30757141
9.11026241 12.53730041 16.77948014
9.99837580 15.94601937 20.83527168
15.00872772 20.01838249 22.67194928
13.59351900 18.93780694 27.89990591
14.78306988 13.87149639 29.83299058
14.30015107 15.01506308 33.68214019
15.21150518 12.28633526 40.61125461
13.32379261 5.45337787 38.12668643
12.16475326 4.35751848 35.29605465
7.08143222 -0.68567535 32.88553182
5.16198018 -3.08007837 30.22838166
3.41927866 -0.45512612 27.63081612
4.16603841 -3.82051189 24.35609893
4.38536199 -0.89773186 21.90126955
0.67343854 2.08242163 22.24215338
0.33587959 -3.43989651 19.81945294
1.27229824 -2.09955163 21.13701595
0.26306482 -1.46266556 18.26717461
2.11977416 0.46988160 16.86256694
-2.93674888 0.13176886 13.88297703
-0.60589304 3.54607740 13.80240278
-0.41223175 3.04295201 13.57826274
-2.67048149 2.59747158 13.23136477
-0.27439633 2.46455277 10.98191760
0.13455086 3.56338671 12.24217209
1.71050040 2.17180789 9.77696358
4.38151148 6.41829580 10.65672100
3.01060156 4.40326375 8.22779791
2.80103007 9.88503475 6.09582855
5.69944333 13.03498264 10.38347329
9.19277245 14.37928063 12.79272767
8.11619013 17.08426625 15.52620781
10.65756452 21.18222224 20.12143172
15.40132797 16.76097776 25.55150638
15.95088633 20.84449599 32.33002574
17.75759933 15.17056067 40.69034422
15.44889548 8.58492319 43.03167992
13.94422233 3.77098009 40.35038137
7.91409876 -1.66941935 40.09783681
6.35855074 -5.53970766 33.14918324
3.37905817 -4.38809846 30.44207032
-0.26130305 -4.06247043 31.51736026
-2.31218858 -3.84889721 27.88874837
0.17038514 -3.68123308 23.80134690
-2.26832418 -2.16474931 23.18621883
-3.96345239 -6.23628009 21.45832474
-3.05625719 -4.42231910 15.19387018
-1.67778375 -3.09418593 17.28562929
-7.70432968 -9.44278487 17.94322644
-7.19180718 -7.16242121 16.91903102
-7.16033755 -9.95364174 17.84766061
-4.43381298 -11.21585239 19.76763585
-7.52839489 -13.97194460 18.34454075
-8.13223139 -14.39074849 18.93930014
-12.57782021 -12.12300891 24.01835977
-13.84528352 -18.20181158 26.30669639
-12.29418698 -17.28077898 30.22204030
-13.22934069 -15.46602419 33.06839199
-12.01706904 -7.18333130 39.26453694
-12.08070532 -8.02962424 31.96498640
-9.77816313 -4.59995652 34.24885747
-8.23407615 -3.44680535 33.13870640
-5.60552889 -3.40212413 29.72127183
-4.16126287 -1.71159145 30.47334175
-6.92068354 3.15299174 28.27638497
-7.13866959 1.03303047 24.88594059
-1.48781753 -3.34280972 22.73859026
-0.92154888 -1.07490383 21.39688025
-4.34148315 -4.25119157 19.94703636
-5.76232583 -6.56381269 18.68803465
-2.90026761 -2.27984561 17.36833066
-1.97573442 -2.94127029 17.19132607
-1.16003175 -4.27346930 17.36155277
-3.92824082 -8.38094743 13.58471600
-6.28021137 -9.50623011 13.94522964
-8.27975026 -9.81154570 13.38182428
-8.24433615 -12.57378774 19.27490233
-10.31795299 -16.02473148 20.59186857
-13.09001380 -19.70946721 24.45535684
-9.69256729 -16.92413739 25.35978682
-11.06293808 -13.84720964 35.19861903
-12.22162966 -15.11503955 34.41974150
-14.69958580 -8.09074171 37.38951239
-10.33679182 -4.98890755 38.38481639
-8.69498531 -1.44799192 33.63344260
-6.96357233 0.46502463 32.13279781
-3.85827997 -1.54585599 30.95890127
-3.35495314 -2.98138474 33.21775547
-2.08386881 -1.11276297 26.66468827
-1.47239463 1.21322725 26.91487669
-1.43740113 -1.65860740 24.40351169
-4.51295478 -2.26032991 21.29323497
-1.42729484 -4.64369928 17.43108943
-2.44427953 1.38451499 19.54622549
-3.70661749 -0.75037551 13.88732019
0.76737813 -1.42352065 18.06898008
0.51183258 -1.78584728 14.67478689
-0.53061556 -3.40393752 8.96398603
-2.88919989 -6.05201624 12.32100886
-1.95064008 -7.40490589 13.70899682
-5.10010580 -9.75759768 12.27937336
-6.09974924 -6.52695645 14.61805145
-9.76338788 -12.89062394 13.53390232
-9.29099014 -17.41304330 15.55486602
-11.86266546 -17.89283419 21.91215102
-15.90950967 -21.21924265 27.56455104
-15.20053734 -15.04641369 32.67383202
-15.43077155 -14.90999700 39.82121406
-11.36210020 -7.81834237 38.19900531
-10.70080349 -2.08534816 39.56131560
-9.51015357 0.00917396 36.82717202
-6.56856559 1.28688083 31.13688982
-4.68136496 1.86476563 28.68812530
-3.33625820 1.88260482 28.37836028
-3.44605026 0.83820297 29.44606982
-1.05761828 0.90534562 24.97338050
-1.36163813 4.25644910 19.15204136
-1.70753557 1.36723535 15.07857489
1.42491710 0.21602377 20.12473300
1.51879396 0.87516752 17.28897238
-1.66087640 4.07256873 18.12849528
1.26919711 3.73053719 13.50327197
3.38962327 4.10111731 14.59307863
3.92237229 3.40382745 14.57126272
4.42293122 5.91496782 11.66054741
3.57381242 5.05097598 11.24451092
3.09349118 7.44464460 11.90445341
3.89387242 11.77832296 13.17570573
7.63810921 14.14512470 13.34970679
9.50582981 13.66124983 17.26683204
13.01240736 16.58907202 18.41263726
14.83450872 20.02590983 22.09521752
14.62956071 22.55612992 33.89749792
13.70484807 12.93090809 35.12890682
14.68718741 11.74504063 38.63660424
13.76559180 3.43621702 40.07059919
10.53358247 0.48100852 38.50540148
7.16064224 -1.60106070 34.82367036
5.95449585 -2.88383275 32.41652373
2.70417066 -3.43535572 29.58235730
0.95804988 -2.42959763 27.47983238
1.32641295 -3.26020782 20.95131998
-0.59890224 -4.81502153 26.27535026
-0.14629430 -0.76569635 21.04002855
-0.53568082 -0.92074126 20.70067144
-3.14252997 -1.00117507 15.90479347
-2.45562451 -5.68027220 16.17517184
0.19751167 -2.93236832 14.69720781
-4.38036085 -3.01446305 17.41008409
-6.46270679 -7.08345903 13.12253324
-6.77677677 -6.50468262 14.92818750
-4.69203907 -8.36260529 12.36814412
-5.83935119 -6.84275716 13.07143996
-7.49829257 -9.06001542 14.52396888
-7.07983105 -18.05121369 19.24690826
-15.13161451 -12.87728850 17.16264533
-12.15558754 -20.33791868 22.79675065
-11.82742672 -16.45320410 27.09801818
-16.78913477 -13.74554006 33.46020864
-15.16076743 -13.02213364 36.92685010
-14.23284505 -5.61128749 36.14226765
-12.21094180 -2.83939814 36.19919363
-8.83819572 0.77464935 31.45230521
-3.77706115 1.38009737 30.38935047
-1.24589473 3.50607598 31.54916976
-3.25643977 1.48493799 27.78025680
1.32984811 0.88323236 25.24665597
-0.91315678 2.96748662 21.24677250
2.29654440 1.88845144 18.54719892
-0.30012200 2.06783802 17.59259721
0.28401887 -0.47311910 17.96963715
0.82596895 -1.12649615 18.14968422
5.42637252 -0.17608903 16.93484864
1.87588677 -0.11751513 15.29774215
-0.44264772 2.63857626 11.87648102
2.39591906 3.29174567 12.20427783
0.51684198 1.68036362 10.72467396
0.61317837 5.09985502 10.14403274
3.22284125 5.74571017 13.31053602
2.35235278 4.73589908 6.25922566
3.43617699 4.16338637 8.54615189
3.93515879 10.24008165 10.99101909
5.65456744 9.60013265 6.81786574
7.35757855 12.80207989 9.39975678
5.58239674 15.29077161 11.93222425
12.05281209 17.66075593 16.49072523
11.94888152 19.01940158 20.14226239
13.39949204 22.74440108 31.40816721
16.71292662 16.62231507 38.60575121
16.42229268 17.10365439 42.62065483
13.03905476 2.90919910 40.74378232
12.31053838 -2.44675205 39.98167668
5.54430125 -2.06040162 34.76372502
4.08726953 -1.35108522 32.30490906
1.47049870 -4.22689348 33.61418743
0.58494321 -3.22525369 27.60033541
-0.15489388 -7.44806523 23.28867307
-3.10626550 -5.34725365 23.81615164
-1.06094098 -6.23332929 19.60740002
-2.69627134 -8.08848371 18.50966515
-6.35952051 -5.06273403 17.64064053
-7.06652879 -10.13083330 17.77138423
-4.67565878 -9.54036048 19.53915518
-5.83066540 -9.44532587 18.68720438
-6.62635301 -11.52746499 18.82687463
-7.66110537 -11.03827291 16.87032971
-8.56682043 -12.92830756 19.40224927
-8.81306321 -13.32063399 23.20825583
-13.39779095 -14.34308909 24.80084220
-14.53278308 -13.30639406 28.91133466
-14.90776583 -13.76088384 33.33366300
-12.52302075 -10.56873739 34.19096999
-10.11063975 -7.15074343 35.98459515
-11.34341735 -5.08054874 37.80454335
-12.95048999 -4.03132947 33.29384869
-10.03493272 -2.69525330 33.65176599
-7.20935551 -3.01019179 30.48392832
-5.62163163 -0.65421899 24.95718502
-4.53790935 -1.72745059 23.65216553
-3.26362593 -3.05993170 22.32511230
-3.49307869 -3.47523839 20.64972216
-1.21950344 -4.96590326 20.47438462
-4.01137370 -1.63416047 20.35589462
-4.51973557 -3.98812433 20.30035171
-2.76632529 -6.57727640 17.71910602
-6.49354691 -4.67250700 15.71203359
-4.15552983 -8.48200701 12.50176870
-5.52657809 -11.62917492 16.20849782
-7.05767704 -9.14672536 16.70575013
-5.65941954 -14.00018851 18.28750749
-10.69444327 -15.74469701 23.84070291
-8.03924981 -16.41099238 25.61282993
-13.09320477 -14.83342108 28.87364857
-15.71796717 -15.71252016 30.03553876
-13.77571970 -15.23206780 34.13319190
-14.89777746 -8.47991837 36.58390626
-12.92502214 -6.78549340 35.37574862
-9.19711351 0.23847940 36.14643060
-6.95990613 -1.42571346 33.75393532
-7.03148775 -4.59373697 28.90613502
-3.01642521 0.34379963 30.52238108
-1.63946621 3.13825234 26.49080921
-0.41882334 2.24584808 21.36604677
-1.35069311 2.39529339 22.42520313
0.25833492 -3.08369035 21.32741979
-4.76442809 -0.00206503 20.98764552
-2.31187519 -3.38692687 17.35019253
-3.32496362 -2.21564152 18.09842778
-2.02061829 -5.55971780 15.89250820
-3.49762816 -5.24580026 12.37145384
-3.37845702 -6.33832662 11.45365447
-0.82559643 -4.82295933 15.31540455
-4.97592640 -6.65424336 15.30166084
-5.19590928 -9.62489977 14.16860785
-7.64557857 -14.93912417 17.27951116
-8.86564401 -15.65411401 18.64116741
-10.89032422 -18.79530277 21.39460339
-12.10590991 -17.28430106 23.36462093
-12.52297925 -16.27583395 33.38075357
-12.48134209 -13.68857506 36.32709914
-14.16029760 -12.59669370 37.83521357
-12.17339306 -11.46484344 37.96077278
-12.66334757 -5.78061851 38.09821818
-8.47683501 2.42597465 32.22018032
-4.53276132 0.36682338 33.47931232
-2.73869066 0.14558205 27.96790987
-2.31690263 4.45069997 27.81812231
-0.19213578 3.61357077 24.11104793
-0.08260614 1.20385206 22.58628238
1.54525900 0.49758117 19.95135518
0.44926975 0.72022758 19.33477423
-0.32328911 1.37219131 21.34898614
0.96930848 3.92051643 19.10138535
-4.03045804 1.95795602 16.06419669
1.40246827 2.74194579 14.25095273
-4.77655834 3.87545263 14.68547151
-1.46753928 0.12602655 14.22339623
2.30928523 4.20084850 10.02020014
2.77996607 3.13070206 10.60057787
0.74755207 0.21671300 7.06117101
2.20479566 2.34335462 11.79403886
6.48155729 6.19919500 13.43223740
4.81067303 11.32151485 10.57729885
10.76110186 13.45596589 8.17885546
9.21406215 16.84567727 15.47789839
12.17559015 23.06551623 17.16160460
16.45584982 19.05662213 23.71640845
15.98311515 20.41745109 33.10752094
14.91106898 16.82802019 38.72368924
15.44633613 8.80840118 40.71510140
13.27577194 4.04548622 40.19737295
8.10768668 -3.25876186 38.90821719
6.74961497 -0.16889427 34.59777005
3.27858732 -4.82480025 30.15017436
3.80075330 -0.11080505 28.66272696
0.82060595 -3.71912582 27.40647431
-0.81349943 -1.69844559 24.43868490
-1.35504338 -3.64030387 20.49832917
-1.46154175 -3.76147901 23.01691571
-1.37185930 -5.10513292 15.21454679
-4.44488106 -4.39360440 17.94288991
-5.06542911 -4.80825126 16.65714596
-2.30594948 -7.80911274 17.24688791
-5.48525573 -7.90754086 17.55097544
-8.02388271 -10.34144237 18.53861829
-6.21534353 -6.92560335 15.96715465
-7.52132452 -13.18178029 19.51072024
-12.17145334 -12.10385132 21.04480089
-10.91373092 -16.56805884 20.93712888
-11.46581461 -16.04864360 31.00098758
-12.92489649 -17.70835970 29.21796637
-12.65992875 -13.58267510 35.50460082
-15.19881286 -8.99645589 37.05335490
-11.04839986 -3.16139826 36.78920129
-10.23479021 -2.98303425 34.08869688
-8.62320086 0.76407726 34.29933300
-4.76108781 0.25430917 27.92433215
-2.39332986 2.27805210 28.24464982
-0.83786509 -0.81792367 25.28927809
-0.85798961 3.34600095 23.15318063
-2.64327001 -2.16011623 23.26759813
-1.65600536 -3.05993307 22.74753853
-0.92306238 -4.30919516 18.82175904
-2.01415700 1.52896636 19.40729615
-2.20192456 -1.82686975 16.96137908
-1.43858233 -4.68808859 14.32029855
-3.31491141 -2.82606654 14.58351826
-5.01909570 -5.07249008 13.93620375
-5.35612981 -4.31134392 13.01548160
-4.75727183 -12.50023085 15.17617346
-7.08181579 -12.41066389 15.74438570
-8.12855264 -15.17216546 14.41602547
-9.38708896 -20.13265276 17.26653968
-12.85682444 -16.15072047 25.00062039
-12.59901350 -18.46700390 27.86029263
-14.04361083 -14.50008056 34.56779001
-16.42055042 -7.81180548 38.67946552
-10.94649252 -8.29576370 36.24077302
-12.02823333 -4.52624329 35.04986421
-11.53556057 -0.92149379 38.11939445
-8.33834290 2.05241404 33.22073530
-6.40663479 -0.18714878 29.29158296
-3.23179506 -0.22587025 25.99760402
-2.67051639 2.66594567 24.53502192
-2.02059924 1.23095498 21.37911021
-0.00688295 -3.33948651 23.12139150
-0.13197635 -2.04950053 18.60580787
0.02255402 2.70278391 20.28075762
0.27826391 0.59828579 16.30268967
0.65322825 -1.60968982 13.89540306
-3.65694323 -0.65942968 13.75089781
-0.92033401 -0.45495234 8.87011784
-3.85264996 0.69357029 12.14333795
-0.42572731 -3.26259062 11.11825427
-0.60977057 -2.57999189 11.96278379
0.89123868 -0.90433709 6.52417209
0.89629155 -2.01256984 11.04465678
-0.96188158 -1.39087915 9.83391732
-2.47400504 -5.42239375 10.04475549
-1.44584824 -3.63956527 7.40660003
-3.77175135 -3.75485596 9.03119842
-3.90534203 -6.72696384 4.87275640
-3.63316266 -9.85584600 9.21025154
-7.76872850 -13.44834881 8.06102671
-7.74546033 -18.43799810 9.27738423
-10.50275214 -20.71298587 14.84683851
-15.79501470 -20.68066790 23.72641948
-14.98496794 -22.47824089 30.73225645
-16.34625648 -19.15883931 40.23435513
-16.32449122 -10.94353604 40.28593468
-15.00737066 -2.44121368 39.22368479
-11.58410013 1.40526917 42.01729789
-7.51737329 5.32281675 37.33758447
-2.79838321 6.15753137 30.50625792
-2.85415061 6.88108233 29.44785876
1.05213545 7.69982802 28.87226711
-0.38301262 6.83920444 25.90460366
2.16176083 3.44221546 23.80566417
3.37826299 3.78336082 24.05234999
7.71399194 5.78276168 19.79122787
2.29042037 5.84446815 20.23428138
7.49843991 5.56870990 19.58913140
6.19183109 7.99518534 18.95949565
7.52058930 9.28075002 19.01215913
8.09849273 10.36178184 20.60986257
9.75380290 12.37414152 21.98023917
9.96952140 16.12665502 22.19846766
13.57876072 14.81861494 27.96220312
11.33765799 18.47358228 27.68682248
14.19771019 12.94792634 31.47150028
11.17157488 10.00321225 33.02399586
11.34643513 8.20491001 34.78806297
8.59581748 6.49850558 30.14748275
9.67039274 5.14257477 34.14927170
9.89267764 7.03034942 29.83276567
6.28188126 1.24206868 31.29960875
5.12282948 4.16872393 26.59285298
2.95312038 3.13812506 25.61165753
3.88969380 0.26796224 27.37926272
1.48904356 4.95337909 22.16069578
2.53179521 6.44899332 23.46449459
4.48421496 3.36812039 20.29359047
6.53379528 5.79196154 20.04508561
9.39251928 3.77979511 18.82170722
4.68691292 5.88672792 19.85995913
8.74065062 11.49671845 17.35589594
7.88378306 10.37877329 17.51913254
8.44726412 10.84636994 19.45535488
10.64833587 14.65254087 22.79689991
11.30182618 14.14408424 25.01147153
12.39219806 14.13847553 29.76361864
12.14632524 15.08579371 33.81603548
10.54320891 9.42178687 32.16207125
9.63113237 7.21754805 33.65789191
11.91194877 6.56270321 32.29003112
8.95188801 5.96579748 37.09356454
6.90899431 5.10738710 32.40006024
6.47155535 0.98447120 30.75193462
6.56942962 3.63348607 25.67086558
4.72900664 0.61995102 26.09335094
2.81194060 5.59321066 25.21922056
5.44831779 0.68429830 22.30390332
5.87539297 5.63778178 23.12893016
4.20615922 2.71203046 23.96242662
5.18752353 8.29320468 17.26812185
6.00771020 6.67804208 16.25380235
6.39248626 4.93370764 15.88571317
6.31646676 7.20075578 19.87732405
7.23244618 11.16273645 19.09353650
8.25038883 13.45496201 17.85033546
7.01076793 13.29430907 19.66694161
11.29996494 15.12387321 20.60671626
9.45521247 17.37837410 26.76639305
11.50077041 16.09335772 28.30920988
15.45085674 12.00190911 32.02023085
14.60791942 10.17549149 36.02485821
14.76689337 8.81194408 35.69373501
10.52070042 7.58869085 35.17044836
7.36449308 6.08556977 34.08023375
7.05093364 3.23441805 33.39531974
6.04349954 1.72253312 32.66811549
4.76633624 2.39567074 28.71764048
5.51878059 -0.02532075 27.09103818
2.52535190 1.18419149 23.52032707
3.27979138 0.36118139 20.95104073
0.98919175 0.05532274 21.73974263
3.27604179 3.44125761 19.51478320
2.72409567 3.82402065 15.54217866
1.83594153 5.51697354 16.35789264
3.10492172 6.23960919 15.92357635
3.80718705 6.90727277 14.59405147
4.48297671 8.96644697 17.75831346
8.74715335 9.68517854 16.25413538
7.04886489 12.57308048 18.64322497
8.32070190 12.73876234 18.47101491
7.05255751 16.73566024 20.93466841
10.63563704 18.56977078 23.04123771
13.03153182 16.04588192 29.19281238
13.12687468 15.42103892 33.52674664
16.24809627 10.72185240 34.17315779
12.68434188 6.96541876 36.69472467
13.17860760 2.35426099 36.31652659
9.11572463 4.14283462 35.62751710
7.01209186 2.38102380 33.26144407
5.03583843 0.83255387 28.99708487
3.78334487 3.30591921 28.46597683
5.47478207 -0.44283981 25.20482586
-1.63219383 5.59373255 18.63210577
-1.58465429 0.01087707 20.92740901
0.46356773 1.16686326 21.96103786
1.22820922 0.29200742 15.70878428
2.29100609 2.00389990 17.39853220
2.03301666 3.21461189 18.65664528
0.84557188 1.96644033 13.48248696
3.33095165 5.94346823 13.76629086
3.71292198 3.91826070 10.63755588
2.86216629 4.93320324 14.94211953
4.74428749 4.05534783 11.49405178
4.49983130 8.03827935 11.50335862
4.27885405 9.06174412 13.97455246
7.67998040 10.70856787 13.67397739
8.48320772 13.26473953 12.90260794
10.35080046 22.35250632 16.52762565
14.86928825 19.24691718 23.33872585
10.62169346 17.48479582 27.56588214
13.46276260 16.51630750 31.20058891
13.74930630 12.93928464 39.08938253
13.59479876 8.26744762 38.02230594
11.28912153 3.41486567 42.00293994
6.43803611 0.53684937 36.73172374
4.56837337 -3.34153482 31.74703759
2.52958564 -2.06144153 29.18331817
6.07589724 -4.27491389 24.57091102
3.78858065 -3.68044736 23.67247306
-0.60892674 -4.09751702 25.30447183
-1.17169319 -4.56144468 25.59953988
-2.90279993 -0.61717083 21.40326525
-4.51146755 -1.54705840 18.54834808
-2.06272337 -1.44259979 16.67192806
-3.87731749 -3.72327215 14.64338697
-2.92370198 -3.20026225 18.87392198
-5.93145764 -8.81854228 14.29206040
-5.36323529 -5.44977956 17.81022645
-4.87994577 -8.36655564 16.52716722
-5.73304860 -9.60273655 11.66228919
-7.10789628 -12.38299588 14.79830564
-11.56140900 -17.24577476 17.11840823
-9.95529434 -20.15837089 21.69332545
-14.32790482 -19.60752250 26.40982639
-13.33854123 -16.30116117 36.76549773
-14.75675977 -13.07002870 34.03437111
-16.23062984 -12.44039859 38.59256720
-12.88747156 -7.37197671 39.29897279
-9.56571990 -3.55034350 36.53805073
-6.82511991 -0.87344532 34.21924882
-5.91159612 -1.73744888 29.56079009
-1.55388185 -1.56424579 29.00337425
-1.09817487 -0.54221675 27.38865254
-2.18428011 0.90117937 24.98095202
0.03575502 -1.59065511 23.49302037
2.32137176 0.13499454 23.19568223
2.62365077 2.09474004 20.77790185
-2.27096970 -2.26753328 17.81714555
-1.70286841 -0.38886651 14.32356532
2.16421187 1.75014463 14.04910723
-1.85036899 -0.91369089 13.54312477
-2.27550430 -1.26408760 13.28373803
-0.97463162 1.77878722 11.04347263
0.42020113 -0.96493819 9.34880961
-0.46858715 1.44259465 8.07718548
-1.42102992 0.05653451 6.51133299
-1.57233719 -1.56031662 8.23354600
-1.78670785 -0.38953696 5.46923530
-2.26139366 -1.09219591 5.69317275
2.46521751 -0.39825249 6.22048406
-1.05893773 -3.99474904 4.17234047
-0.64215717 -3.99074881 6.80080266
-3.52936845 -5.59644441 7.28094725
-4.00853632 -6.12584548 5.21361239
-6.13581604 -11.79849657 6.00745619
-10.91225641 -11.38901264 9.09386903
-11.08917831 -16.23611585 9.72144187
-14.43555491 -23.38112971 14.42297133
-17.99971741 -21.54847434 25.10018569
-18.76092970 -19.18373396 33.60000939
-15.81693908 -16.39255793 41.20452890
-16.98372720 -7.47030041 45.86367966
-11.98792783 -2.14209804 40.31847197
-9.57067158 -0.13118692 42.53686593
-5.21488766 1.95657107 36.77731716
-4.71526206 6.49145538 34.27457771
-0.03016341 4.98756344 30.35391561
2.06455765 4.23730452 27.50461818
1.26658849 5.66882368 25.10459831
4.00970056 6.97438234 24.68793173
4.76766479 3.55826291 22.28311834
3.66040628 5.89077366 23.33454340
3.41134370 10.15313019 18.43341799
4.01844863 6.44090830 19.86466478
6.82098334 11.03367370 24.32080252
8.08593945 9.78767570 20.20812935
7.27365029 12.81585215 21.85674680
9.56912607 14.79818009 22.26169527
11.37649655 14.74406094 26.32138669
12.22236669 15.00593859 26.71580833
14.16607034 10.52790738 29.83710897
13.78039815 13.14662678 33.33290294
9.77213881 7.80929282 31.66197938
13.24321926 7.96722974 34.36229262
8.70467867 6.32610744 33.81934030
10.07317127 5.53024367 33.07389983
7.44203628 4.53516129 30.04155467
5.74740251 2.08445763 33.80702169
2.80302265 1.16165900 28.50181885
4.88203910 5.38290959 25.77041215
2.38533202 4.54886889 22.34729756
6.29329859 6.83398404 22.46911726
7.25878435 5.37993189 24.04794939
3.86182680 3.77510306 23.71658172
6.03763493 9.03843449 22.76753104
5.01492288 7.78961039 21.35386463
5.93798471 10.35389599 18.03111281
9.07236111 9.92543446 21.68865946
8.80113580 15.34638320 19.94542584
12.68019875 11.83895836 21.33911126
10.15354770 13.32244321 26.60542787
13.27231036 13.88232203 29.61925726
12.23766406 10.64532142 32.60119439
13.25036884 11.46969303 33.59487102
10.70366120 11.66453412 34.45585665
10.36120434 5.83209555 31.72027718
9.05571288 5.75790233 32.30723626
6.66210586 -1.02751617 28.48624579
7.88889895 3.22841705 26.00837097
6.91572419 2.52985821 29.02792358
6.10798839 1.71256817 24.82283174
7.12430249 5.42077226 26.07337692
6.72930035 3.34173743 25.07140212
3.78632034 4.20219272 20.85940173
5.10205941 4.57925268 21.87462169
3.83191583 2.69962222 18.88833988
5.34428238 5.16431776 16.28715153
5.01315018 10.15740188 19.43753845
9.35345471 6.02217455 18.61314442
8.35026093 9.92374039 19.39629231
8.54400762 12.02546713 24.88987380
11.94945152 17.05577936 20.88711565
7.71665539 15.90546458 26.72789260
8.82134177 13.25426153 27.19625916
13.70845429 15.34958424 33.08715835
12.42556625 9.61264528 33.92335886
12.04639672 10.40765915 34.89959612
8.43606397 3.89006974 32.38818079
9.15250337 6.46028750 31.61893169
10.98349608 2.62078437 32.92246815
7.86540699 0.88357330 32.57311761
5.80273831 2.14736725 28.54000814
4.06923021 3.14025170 24.42472268
3.62591706 2.05274667 24.90937595
0.59537511 4.38780996 26.99463408
4.30503639 2.91921743 21.66427272
5.34715697 5.79450179 22.83574006
1.79483665 6.33811421 18.10465935
3.70680722 6.46897407 18.60055956
3.56128368 7.01451869 19.34992022
4.68048959 9.51438985 18.98507191
7.29611098 11.83387633 17.52738840
5.07884334 16.21646045 18.63896887
10.63686071 15.70867198 23.64650318
12.14275717 16.81411650 26.65183320
11.65900415 20.77345416 30.36615471
8.84123246 15.17243200 34.05673627
11.31820716 13.03340880 33.74051311
14.30539170 10.78945391 34.37630020
6.83751072 5.01064084 37.33350030
9.22211068 3.76801101 35.26607127
6.32999068 2.12425461 30.68392683
8.00883291 3.35497174 28.65021865
4.43293184 1.55091241 29.27811931
5.19622900 2.13832135 26.21107163
4.78946539 4.08473151 24.67278072
6.39513895 4.06426004 24.90185918
2.97715157 2.71467352 22.85845699
3.89601036 2.40592663 22.49393978
1.12388573 6.38325201 15.73035438
5.70745834 6.61936123 18.51649037
3.12270150 3.42101661 18.55977374
4.12621083 7.05714946 14.34942741
5.86159651 9.47160465 15.85998764
4.50411408 12.34823809 16.09726802
8.62645564 14.47977330 18.84773579
11.23726649 15.14473421 23.74348432
11.64079698 16.98180012 27.43852797
9.96203777 16.34407113 26.26894945
13.13646677 13.93560435 32.31463638
14.67119880 12.23546491 35.38536134
9.88130033 9.48421067 36.67686062
9.82914804 6.20230929 36.73153874
11.18851730 0.32794985 35.33260205
8.40640245 1.34535300 35.75378108
6.96711413 1.31247436 32.53717616
7.88895034 0.40735306 26.63640617
4.64065671 0.51595738 27.74869623
4.20790289 2.07496113 25.99394141
6.99545669 -0.39836183 23.23641647
2.11743221 -0.96941940 23.02108880
1.12554907 1.82204054 19.93476007
3.15910636 4.39952148 18.63931888
3.41268059 6.75663551 17.34841023
2.25574047 5.99081548 12.70632907
1.98266368 3.01720430 15.28182343
7.98325869 6.57448307 13.81016682
5.74555463 9.07839560 12.84250005
5.20923730 10.89482979 17.80319608
9.21289735 13.77508993 17.41259249
9.20157451 13.41995492 18.66364929
10.71969440 17.07204824 21.06388617
13.66650307 18.54430496 26.88937400
11.95636089 18.41696944 32.84615253
14.99256404 12.73358037 33.79389849
16.87739083 9.68377606 37.52080824
13.09555190 1.34947284 39.26443494
9.69952953 1.82459881 33.01543631
7.28106715 -0.05742235 33.87385006
5.41215602 -1.96451664 30.68976301
3.99761844 -0.16956834 28.73030146
2.53845488 -0.53914816 25.82171041
3.68680041 -4.30646587 24.84002547
-1.12078827 0.39470013 26.00602481
2.60763035 -1.40564612 20.40929725
0.42063335 1.38865411 19.86624843
1.52259302 -1.53840540 21.31734769
-0.86589338 1.09068776 15.59886584
3.09686434 0.83612774 18.41712751
3.10629150 2.26568411 14.18270188
2.86726651 2.41762960 16.21095186
-0.75444185 2.34394201 13.53684351
3.36375514 0.83478922 12.00548618
3.22853079 1.98429730 10.75666620
0.75273030 4.95610879 9.41276010
4.18955325 7.74721498 10.55538009
6.01933248 8.90714088 12.40417525
7.87368316 13.88965391 12.04062634
9.18034692 15.36520758 13.85915432
11.58136575 17.12671729 17.89612784
15.75995772 20.28404572 25.71893388
17.29042272 20.78316926 32.96185887
11.70764265 17.48505473 35.97417275
15.16358455 14.64693249 39.60421311
13.41849247 3.98406880 41.76245409
8.03526855 0.45538760 41.52549891
7.91750852 -1.24464005 37.64949993
7.03860480 -3.14162007 30.30728156
1.17652180 -4.26403500 29.13835052
1.81394943 -6.07899646 25.52244244
-1.33788248 -4.08152315 24.51370370
-1.79144151 -5.04283157 25.83572132
0.98814800 -6.30783352 18.96340669
-2.72420848 -4.89188542 17.13602186
-1.60092470 -5.78773115 17.18449217
-5.78996652 -3.49901807 17.98238319
-0.43326633 -4.34107482 17.65572788
-3.10539187 -8.17731568 16.70726270
-5.18309958 -8.43884941 17.68296346
-5.00607342 -13.03797623 12.81282422
-9.39354719 -12.57404068 18.66779768
-6.74231694 -13.08792503 17.71548489
-10.75355648 -14.27743288 22.16179661
-12.19515908 -18.32574630 22.29800608
-14.02574558 -15.11042567 28.93108147
-14.93876982 -17.99928744 33.49105618
-12.82661759 -14.29264217 38.07092437
-12.51018677 -6.90028771 34.52775774
-10.16570225 -1.69833725 36.69768993
-9.16417120 -1.32220516 32.96494379
-6.32189012 -0.84716129 33.34723570
-6.05200077 -4.09796027 31.38629125
-0.47139004 -3.65355685 29.95793102
-5.46917396 0.08492930 24.70461888
-0.28368840 -1.04394116 25.26345661
0.33289514 -2.69047799 24.21953947
-2.93427387 -0.91094606 17.42432056
2.04426479 -1.17432606 19.79120893
0.06383578 -0.08121686 19.01233929
-0.10573303 -2.00513351 15.67969256
-1.83390108 -0.62014118 12.93491794
-2.56439181 -3.54563292 15.66454706
-3.02142497 -4.70120769 11.19215326
-2.69512337 -3.77645119 12.36555682
-1.91056583 -8.95724966 12.32447736
-4.90003560 -4.06357803 13.76399603
-7.96489939 -10.81608808 12.22532032
-6.84890984 -13.48451490 13.80244168
-8.62345599 -15.93567213 18.08510234
-11.11475774 -15.59984128 24.06538796
-12.86086081 -18.08640197 31.91113404
-15.69927494 -20.49319880 31.23548578
-16.82011160 -10.99837255 38.63846459
-15.53538747 -8.88521475 37.95208039
-14.55567578 -3.33948428 40.71548536
-8.92786686 -2.61159993 34.88848334
-6.84761636 2.32277612 32.39619752
-5.21179387 0.83575424 29.67848893
-7.48728847 2.28448017 27.98290611
-3.52227858 1.47107986 26.38002145
1.12356118 5.28795185 24.61094416
-1.07924163 5.29096169 21.92658192
0.99671953 1.80364652 17.97851635
-1.43154684 1.93812527 19.98261839
3.35151856 1.37129948 17.25424454
1.13956426 4.37958195 18.08286807
2.15619472 2.29344565 13.75448699
5.77770467 2.79777071 11.24407695
4.98947477 6.20608858 13.12840395
2.73494105 4.63897948 14.81698352
3.09628182 7.03921976 12.56407190
4.56378290 6.16157742 12.05727044
7.20770889 12.58214904 11.62905831
7.86379374 17.47194281 17.76871858
9.32910814 18.03218444 15.85766775
14.35773876 21.56335333 20.71142210
13.77942212 18.10691956 28.55818243
18.89540964 18.32886951 30.28162462
15.56399331 12.02749538 40.17127691
17.10380225 8.08354702 40.97676271
12.66300261 5.11844555 40.73111087
10.96416669 0.58001964 37.73941160
5.67724099 -3.91567817 33.53370192
3.23415597 -4.44064479 29.09676522
3.56433677 -4.68014241 28.07598735
3.11073814 -1.19923063 24.33221888
0.68920815 1.78100738 24.77892623
-2.06114811 0.61540823 23.47282357
-2.64528783 -5.24647565 22.93869053
-3.11374846 0.60435494 19.51078026
-3.96737817 -0.50522489 19.06881282
-1.30605828 -5.34031387 15.71887348
-0.04459890 -3.63415458 14.29492363
-2.26878931 -1.83084491 14.96815148
-6.35475855 -3.75361426 12.71213566
-3.74516948 -8.32460401 13.28799768
-4.56237639 -6.43848964 10.77247230
-2.08121638 -13.35403549 11.30259617
-9.08838830 -12.28483472 14.79780508
-9.07538901 -12.50090531 17.07220887
-7.69423123 -17.12507984 17.00577678
-11.72369678 -19.93687806 24.42719512
-13.33317203 -17.62126942 28.03569206
-15.08654632 -15.24112001 34.53055642
-14.62713340 -10.23570175 40.83781587
-12.54685067 -5.81512725 41.03858200
-12.77308086 -1.02906184 39.88432236
-7.46142549 1.24715554 39.25383924
-8.52670854 1.87567713 31.83855213
-3.73476409 2.09476598 28.55528077
-2.35430372 1.55561581 26.48854945
-2.43266671 -0.33443671 25.04766580
-0.65882959 -0.02947985 19.43276482
-1.02547062 1.08376346 21.29739424
-1.31796427 2.01864492 19.06258620
0.14286398 4.27216027 19.83020979
-0.76730532 1.81235594 17.71237669
1.77025033 4.01868770 14.82786511
-0.25617358 4.62014150 15.75104782
3.06468371 2.89505723 14.99762689
0.53062579 5.22036369 11.61292160
2.10150205 4.81657142 11.45655997
2.78014469 9.05946157 8.12003125
6.86504714 9.64611312 10.08200339
6.55619860 8.62945789 11.25718505
7.27700610 13.72043492 14.07495512
10.29205504 19.23308582 14.91790513
8.27167183 18.40805673 19.77003786
13.59315801 20.71314704 24.08407174
18.35217467 19.73374420 32.63620183
15.85460269 13.14008042 38.15811384
14.86676555 10.52301929 40.68236957
13.56619923 1.90793195 39.74589637
11.42063463 -0.44994795 34.84207584
4.10421722 0.53551381 33.42615639
2.22077256 -1.61671385 30.81064124
3.33215281 -2.99646378 28.12752567
0.46270216 -1.55577913 26.57573439
2.66970439 -2.31841491 26.78924605
-0.61902100 -2.09631742 23.85147167
-3.70332829 -0.95118046 19.06088207
-3.04979123 -3.58057085 20.37774302
-5.75200820 -2.47615688 18.91986164
-2.11908354 -3.53856318 15.19318262
-2.44343588 -6.42909685 16.94194924
-3.29366751 -6.04065725 14.29250660
-1.50615755 -2.62351101 11.44129180
-2.07338878 -6.11186614 14.20933130
-5.20192025 -10.90453149 13.74981180
-9.52130107 -13.39335135 13.48510836
-6.64209828 -13.24786912 15.08561710
-8.49944040 -12.79933232 16.28876667
-10.82190828 -18.15393404 22.23667770
-11.62554009 -16.53537678 26.03971422
-16.42595516 -17.32760514 31.84088702
-11.88477388 -13.92272536 36.82664469
-15.89409854 -12.48842943 36.77261140
-11.42925941 -3.79477660 37.34364759
-12.92132423 -2.50807147 33.30340511
-9.23935636 1.78390249 35.39776642
-3.13641388 -0.24631459 29.55056699
-4.15116945 1.82246070 29.24143120
-1.05102363 2.08328110 27.29019915
-1.03551054 1.00076216 25.56378457
-0.90492152 1.83244789 20.54201715
1.88253647 0.50339110 20.74313938
-0.33586152 -0.23827228 22.11457071
-2.55097489 3.83489534 20.71459023
-0.81597367 2.92508430 18.11124534
1.50198090 -0.16380193 15.75158065
1.43661631 2.47629339 12.30888078
-1.46118182 0.46688112 14.23048263
0.13751938 0.14538497 11.79466799
0.70316451 4.76818940 12.20850899
1.48804098 0.68832938 9.47251356
0.46875065 6.53893590 9.74247811
2.42229355 5.88513872 10.04033891
3.27274094 7.87994428 10.25153456
6.96041442 11.43349158 11.30441200
8.69125916 14.68027197 10.95934924
9.23225497 15.40359201 12.46105519
11.19221784 21.15683124 22.09782169
14.38262507 21.62942580 29.92735601
14.65020211 17.93392792 33.60861208
14.68144106 15.37595417 36.57766416
13.94581184 11.76051190 40.36862266
11.98923439 6.37313578 42.02864028
8.04262266 0.50745673 40.67740658
7.05248293 -5.04718536 32.87395872
5.30941006 -2.80877117 31.53089028
-0.41853644 -2.27658922 29.30764103
0.61935313 -2.38700361 28.08661188
-0.86033879 -2.17613641 23.96751383
-0.76830324 -2.95157100 20.08206294
-1.94480131 -3.92218210 22.25546715
-4.75962439 -5.26308887 21.74202126
-4.97475860 -8.16674909 18.49656994
-3.49389160 -4.95082931 18.38452056
-2.57298573 -6.28266859 16.19359848
-8.51028128 -6.94048935 15.21479357
-5.42759230 -11.94330571 18.52608564
-5.26058265 -10.21306115 18.12193232
-8.74736556 -9.62422241 19.75097185
-9.13027925 -14.96577085 23.83946027
-12.61736074 -16.40053832 22.71716932
-12.97230863 -15.79021209 27.46639122
-16.12012977 -11.24716583 32.50915887
-17.27326175 -14.03320880 34.12770767
-11.25052083 -8.50212811 37.74256287
-12.84414038 -7.06323402 35.79689978
-10.18495283 -4.14471044 32.91174231
-9.80202049 -1.73977989 32.59784280
-8.18403010 1.50048756 30.52142518
-4.88497207 2.51662937 29.62762038
-4.76677985 -0.01538190 26.63265065
-2.32158461 -1.75995395 24.84100269
-1.77348458 3.05010040 22.84696005
-1.76164224 -2.61509455 20.37152360
-1.84649940 -3.34924524 18.00855938
0.17575365 -6.07669348 18.42391735
-4.25076229 -1.05575833 16.20438890
-3.01876186 -2.66787378 18.70014998
-1.65795670 -1.11522596 17.34258824
-2.14386945 -9.28360252 15.63812305
-7.29925206 -5.79567785 15.08818186
-6.67438431 -10.25616489 14.69627552
-5.41888397 -11.18641143 13.82761393
-8.40143212 -17.95329296 17.74511094
-10.68574389 -14.38741178 21.58485970
-13.07276245 -16.65348293 26.21118640
-14.67339619 -17.45737645 31.57067872
-14.15000210 -13.50677911 36.69860872
-14.50023064 -12.06326541 36.53801508
-12.69569509 -7.56135485 36.99236137
-10.41815127 -3.85579584 39.29723346
-9.33839289 -4.12715327 35.76890680
-5.31241720 1.88173364 31.16239849
0.20978335 2.86625509 29.11552879
-5.88883415 -0.54080764 26.79166251
-1.59814503 1.17021625 24.90096440
-2.65846361 -0.16171911 23.72540758
-0.11128088 0.68246218 25.49504775
-0.69042979 -1.23888485 19.84536899
0.58708470 -1.88178130 19.15993949
1.30364808 1.42365388 13.74995166
-0.25542554 -0.76625909 14.54102798
1.18250495 2.77671714 16.31227824
-4.42407890 -1.02965278 13.82075381
1.66449733 -3.09965960 4.61844935
-0.46566843 0.35514482 12.41713426
0.37122103 -1.26685354 13.75936149
-3.64267424 -1.82076008 6.36203556
-3.52195359 -1.95725881 11.84300628
-2.63137072 -6.56834552 4.11120057
-3.76436251 -7.33098848 10.38876318
-4.44650659 -9.60663859 9.11088554
-4.68831050 -14.40640137 6.13761173
-11.12045519 -15.87685304 13.06377399
-9.08117374 -16.43138985 18.00403778
-13.13082971 -21.07261668 22.39619170
-15.75688757 -24.33033156 30.19218239
-19.11399300 -21.59523737 35.90338742
-15.72748476 -9.82112718 38.26003766
-18.42902289 -6.03909189 43.66363371
-10.52222454 -1.56823502 43.34044547
-10.55026906 2.24224559 38.80186573
-5.06070932 1.39600874 29.95331093
-2.89250645 6.94265399 27.72723579
0.98226599 3.60918108 26.32516727
0.17308371 6.64838892 22.88743934
0.31710920 4.25640560 23.84308571
1.34119167 6.88260187 22.83464884
4.76697951 5.12280331 18.31881993
4.16568895 6.76273458 20.94274512
3.30466683 7.31475861 19.71848962
4.22184411 8.17930410 17.11196648
2.91985628 8.96846459 17.47783330
6.98396969 9.44271663 14.60523997
4.71311871 15.00474013 18.14760973
9.97974694 11.65351063 20.21619484
10.36686013 14.77890459 22.78458463
15.27188030 15.62974912 26.19446331
10.81352386 16.11409495 29.42739223
12.96063257 13.09881461 31.80796486
15.85075892 12.00327980 35.04632587
14.07958073 8.25303004 37.23072431
9.75297807 2.92027271 35.00477764
9.58699959 3.65566469 34.33434449
7.58943023 0.33688863 31.53528407
6.56818372 -1.44972845 28.68033298
3.82752755 1.74306250 28.64195000
3.91304805 2.49256940 24.85714952
0.92634060 2.85480999 24.67593536
3.32461824 3.33516597 22.41323597
3.68269936 -0.65674691 20.34719733
2.64911155 0.97612502 18.96871218
0.65623201 7.70103888 17.49641234
5.14179040 3.15961270 14.58092267
4.67717879 7.23513006 17.34043507
3.65375052 6.23510046 16.66942816
5.25919486 9.20704743 17.72561529
4.44293969 9.77555254 15.90998001
6.53616799 13.95493458 21.37185210
8.82048507 15.14885461 19.65992472
13.19035002 15.56163952 21.99084860
11.64180650 14.89054767 25.73763091
14.62431586 16.15600074 28.56474437
12.96500739 10.84053577 37.47827690
13.54350825 10.32224342 38.96181392
11.50977920 10.84662123 37.66419082
11.26543788 5.78944098 33.74412108
7.08582784 2.90431372 36.27487872
3.66772711 0.57183486 30.23658143
2.51061729 -3.05687894 28.09131495
2.75188412 -1.89923269 28.87580542
0.83569371 3.01207261 25.56261306
2.95991380 -0.40117941 26.39281712
1.28482695 0.12696933 21.37812087
5.67579267 1.49681406 18.74875874
-0.80820096 0.35728870 16.99869056
2.42549177 0.62516991 13.63968422
0.59606064 3.43263452 15.24312763
2.01067304 2.78830424 16.77122443
3.57498150 4.15728352 15.13223265
0.40242583 5.47094175 13.71642762
5.41050259 9.53329267 11.93738462
9.25253513 10.27001913 14.55337941
6.99834583 12.78855440 17.20911093
9.86510600 16.68755795 18.57700724
12.97720565 17.48293529 21.78312179
12.91145125 18.18234989 24.98620741
13.59642643 18.51552643 33.18328430
11.34632500 15.69661885 30.80980711
15.24999661 9.82011371 39.24538767
12.33968419 5.66234463 43.04964513
8.59572850 0.61299324 34.26569039
7.96848140 -1.61115227 33.79599223
4.66358627 0.36040847 31.45137348
2.98978740 -0.49236394 28.09191326
3.46452364 -0.41471521 28.32768483
-0.56217122 -0.54731045 25.25233287
2.56747814 -0.77883122 22.79023608
-1.74352702 0.54060797 22.14964726
-0.87178073 1.06473553 19.20654006
3.02618584 1.05939238 23.15842356
1.61966333 -0.77555998 16.60251909
-0.13056786 1.83442956 15.42554017
-1.88762178 -0.36601645 11.00237847
-1.35659667 0.18588828 11.94465566
-0.54582726 -0.68740921 13.87404274
-0.78333428 -1.08208073 8.72791123
-1.22200091 -3.29594713 6.51850934
-1.43694627 -1.31074368 9.57064236
-2.13855008 1.73954037 11.27157583
-4.63303599 -5.12820202 8.54127356
-3.90085750 -5.76126586 7.64570717
-2.60859759 -8.59720818 5.09852917
-7.51377505 -11.13405095 9.64570885
-7.31710290 -10.52437453 11.41677639
-10.42040506 -18.03048999 9.95699797
-11.41967339 -21.09442593 19.51870045
-14.78846828 -25.23686170 25.54659419
-13.92699380 -22.93787716 34.11660560
-16.30100317 -20.02965155 40.16517615
-18.22365901 -8.88575578 43.86766395
-12.53925609 1.74925425 43.23635701
-11.46261279 0.75384204 40.84289774
-7.76503710 0.78975252 32.53803655
-3.45788223 6.24763487 29.68520307
-2.48678633 3.42979062 28.14342677
1.36308908 6.94625780 26.80982985
-0.08521297 4.00635081 25.69641612
1.03884437 3.42914021 23.87309777
1.66700095 4.49498787 23.76214153
2.41694108 6.64226695 22.57447572
5.65213462 5.56199666 18.10941751
5.56222031 5.99984090 19.29309119
8.03166333 7.69575587 17.04188258
9.80541508 7.15009903 18.20675351
5.62308859 11.70552596 19.63701446
8.55700074 9.38935661 14.45016456
7.86222369 13.25034703 26.38586811
9.76024696 16.36862863 25.87832319
11.06540564 15.62661254 26.99990603
11.05356690 15.10263213 34.41629166
11.13769520 11.82272587 32.93977203
11.99976314 11.38597424 35.04758118
9.16987864 8.34084923 34.02281236
10.97636402 5.31422152 36.68072409
6.64383395 4.71865238 32.00931996
11.12197557 3.60903654 30.50979509
4.76275577 1.17001122 30.35499978
4.67903571 -0.41741874 27.40010001
1.87740024 3.00749111 24.53070824
6.24853443 3.62842908 24.89718187
5.15401359 5.11451458 25.86683571
3.87292322 2.09166717 20.73911907
1.46134240 2.90144851 19.26013976
4.29471224 6.27254051 18.42805717
2.71861752 6.42725658 19.71872909
7.52311923 4.50257251 16.10746950
7.39559212 10.14878655 16.75759215
7.37466372 7.92334951 15.26568036
4.65947324 11.42019633 17.26177138
8.38939830 17.24098042 20.65597832
12.46989950 19.20145926 24.55922324
14.51905441 13.79278377 31.36825027
15.08779470 14.07790965 32.85825041
10.82599527 12.22250668 33.09347313
13.08005823 12.13469532 34.70723557
12.83240310 4.96933040 38.09615294
6.86257295 2.62615614 36.29304581
7.70135219 4.78502564 32.43250480
6.55298036 0.59441648 29.44517761
4.34736738 2.35016027 29.98702374
0.91816837 -1.51734663 24.32847762
2.66657163 1.09655038 24.83081182
2.25018461 -1.21040876 26.33506791
2.33552006 0.32216636 21.21520755
1.65795633 4.25434287 18.11001188
1.98104047 3.28448830 18.88019312
2.90039298 3.56421437 16.27646010
4.09375891 3.73436579 13.79848211
3.50142015 5.85483523 16.75022665
4.11326410 8.23916627 17.14721238
5.90058257 11.21232107 14.82294678
3.93487271 6.75214679 15.44342142
9.20012848 12.18380933 16.01343398
10.09342023 16.05543341 20.00262981
11.84840603 17.05382821 22.98259676
14.77404435 18.11627753 26.67502633
11.05092318 16.25204463 36.09520355
11.02510200 11.93372678 36.94511078
13.62218394 7.60042311 38.55603397
11.45600867 4.46243540 38.61502852
9.64217576 4.26519231 36.61624685
6.54593733 -0.68449679 32.17402003
6.49761227 -0.19011066 30.86477866
5.45929112 0.08397623 27.57285452
3.66363197 2.67032394 26.61115757
1.72757636 -0.44310911 24.45472422
-1.69250104 2.09687845 21.38904163
2.57502797 2.87499250 18.09186271
3.15212993 0.84110782 19.08705380
2.21263997 0.89777905 17.07586778
-0.13126086 1.05179768 12.89430027
2.48708657 1.62705035 15.84008667
3.02894615 4.17766181 15.57918039
4.48129544 3.76600775 17.34928969
1.08988438 4.69133209 11.58507407
2.73849434 3.43535305 10.77862917
5.09377024 5.25223900 9.52760998
5.05512956 12.78618951 11.93012175
4.54574821 11.03403038 12.67744823
8.65188633 12.77627471 12.61450042
10.90772484 19.66110772 16.68695562
12.31133415 19.95956328 18.17198199
14.56223306 21.25369335 29.14916756
15.17770017 18.10745507 32.55684891
18.08630060 13.37309618 38.58605006
13.07419613 7.91996929 38.09794289
11.22165137 0.62948656 38.59685823
9.32293126 -0.44585595 36.46159293
7.94553642 -1.48812041 33.79921615
1.85706880 0.69328399 31.66902047
0.35633330 -2.55918218 30.68857356
-2.11560814 -6.78945506 27.17402806
0.22295685 -2.63184170 25.53040963
-2.27463373 2.50612984 24.53819832
-1.61825969 -0.94651100 21.39294608
-0.37561245 -4.19209952 18.87539185
-2.82935095 -2.05671328 19.35034580
-1.85712581 -5.01737709 18.30317398
-3.17582368 -6.88423904 16.59752484
-2.22177406 -6.08481026 12.22470341
-3.26534526 -6.59265109 12.78736937
-6.03854613 -11.74987811 13.64134046
-6.36571266 -12.43587720 15.85787174
-5.85762913 -12.64949235 15.62935536
-8.55145921 -15.81736061 19.75481427
-13.21722834 -16.48139413 23.41336743
-11.75239484 -20.47737608 27.74368505
-15.89779215 -16.34500274 32.86881469
-12.50854960 -17.05097232 33.51179946
-12.61375544 -7.78380947 38.80326994
-12.25314964 -9.36536350 37.33130471
-10.28530529 -4.67776666 34.07194615
-8.50608150 0.26865339 33.97440831
-4.93640063 3.60448477 34.06278110
-4.82202811 1.54197831 30.01443634
-2.50769164 1.96896158 30.33898288
-0.52655737 0.81068332 25.05469138
-2.13097128 -1.28111664 27.01745022
-1.77709865 -0.51161905 21.35414296
-2.41221666 -1.96866838 19.46429794
-2.03469993 -2.21178521 15.73513194
-3.14579063 0.71488406 18.45706887
0.95959041 -2.10565541 14.41765747
2.68869164 0.41881809 12.99490200
2.07696779 -2.56861296 15.22008602
-2.78101341 0.22472179 14.00933936
0.90441493 -1.28655041 13.04243316
1.95025919 1.99462147 9.62880111
-1.10907421 -0.12086686 9.38086482
-0.33589072 1.29524352 8.64795057
-3.82913906 -2.58822801 9.43826086
-0.42966667 -1.53587255 10.17083361
-2.81478980 -3.95402528 7.61445652
-1.18520426 -3.68949259 9.92903590
-4.48047997 -4.44913872 7.75062839
-1.83683883 -6.67587775 5.64951248
-2.01090350 -9.41485651 7.59404894
-6.13868388 -12.27633665 9.65594596
-8.36972712 -17.15351512 11.48926601
-12.13889634 -18.66039405 12.74266992
-11.77022427 -19.59169666 15.37815685
-15.13602803 -26.45224095 22.05476267
-19.16515099 -25.82698071 32.37353214
-17.17184503 -15.49240690 42.51196355
-17.76656359 -11.85106961 44.85875628
-16.00262170 -2.23845271 44.63069368
-11.40167513 3.70625401 40.58579542
-5.03368975 6.33051511 35.82265332
-2.55918067 3.24678109 32.49083402
-1.24146888 5.62140563 30.09969779
1.75839896 2.96119048 30.50666629
0.23913179 10.16043946 25.27344206
3.09083534 2.96251503 24.23007013
4.03315887 4.23284651 21.38955655
3.71529368 4.75755317 23.10941039
5.80705225 4.66231937 23.50729671
4.58169996 10.71119226 23.55533019
7.40790528 13.72510103 21.10099935
8.35389239 9.70452243 22.16362728
3.81877819 9.37500502 21.85634929
11.32855141 8.74760087 24.50065446
5.57546290 12.97217552 26.08480833
10.22520641 12.87022940 27.88016720
13.32557264 11.55879092 30.22484323
11.28759979 11.71818393 32.55485708
9.10534677 10.20296015 32.33527473
8.93336207 8.19926121 32.64683350
11.26663823 5.38314418 35.43785871
5.45828727 2.72156362 36.04582375
9.19305206 5.13281976 27.87787934
6.36211034 3.60446853 26.21612086
3.80647175 5.14417319 25.17039428
4.23758913 5.17455677 25.14033351
3.23315495 1.58514579 25.47415703
6.10315643 2.10402170 23.71747209
5.96935127 4.00694704 21.93992188
2.34193504 4.29360711 21.70770274
4.84799235 8.53769857 19.02812955
4.70925174 8.95594119 19.53401026
8.88319278 11.58263871 20.05357421
5.59847858 11.67578052 17.98676922
11.29641309 12.66310722 19.88419909
9.76978406 15.52460716 21.71895695
8.99616811 14.79497933 27.23527924
10.57270335 13.92212453 28.88736295
10.82083698 15.44800632 31.91299627
10.02948309 11.29676547 29.49728304
11.66275787 8.44098020 31.01127856
8.61984274 5.38571821 34.65063166
5.91461009 6.42844715 27.88296173
7.50394346 6.19340169 33.35249198
4.07712126 3.21026586 26.49915170
4.75901754 5.40898984 29.37735911
3.76214616 -0.41859392 24.74716928
3.31628087 3.29801952 26.51295978
7.58684147 3.76316193 28.78906443
4.43151238 3.10560255 18.11124722
4.84179490 9.41992197 22.11589271
1.92663161 5.88567495 16.94794512
4.17273448 6.30709264 20.17373849
6.18938731 8.29842976 18.80828204
5.02976247 6.02780431 19.51942924
9.06538847 9.75277920 18.38995553
6.83090958 14.36077567 22.56716054
9.45955813 12.70021625 20.67746163
10.11210581 13.05047682 27.82210590
12.20856353 16.75551820 27.83762789
11.43793698 15.67789029 28.84655893
11.98099191 12.18894214 36.01249811
11.41818716 8.07037580 34.14859808
9.54927259 6.14850611 37.42468119
10.13882162 3.23807582 35.24667911
8.34806851 1.62844720 30.21516753
6.54627140 0.85593138 29.63765496
4.93989483 1.38073103 28.15742254
6.07621433 0.70367848 28.79492938
3.89090888 0.03191407 25.26475955
3.46507245 3.66945073 23.29095994
4.01616175 4.25424752 21.27470361
6.62430214 7.58020537 20.33583441
2.07036952 4.15850763 21.66910506
5.85099438 6.90123971 18.68644047
2.24543843 8.13185966 17.55536794
6.37841335 8.52170299 17.20451892
9.50623094 11.90791568 17.66544244
8.93758967 13.64578347 17.28311776
9.71287170 14.41576569 20.20747538
9.86241671 14.53446502 26.63028018
11.96683396 14.69402529 26.84579328
12.32738859 12.10071737 31.68101544
11.72100636 11.16512123 28.95639709
12.06840022 8.88684029 35.81761904
11.80146126 5.22160612 34.88209235
8.83089497 5.64160139 33.50303643
7.17935539 5.33007947 33.03192352
4.79024803 0.59102042 29.93135940
6.27696452 2.33327299 25.13020762
5.51776282 -0.05658362 28.40877237
4.30616524 1.46427280 25.41376889
5.01528281 1.13150948 22.76792639
3.39929781 3.92723210 20.10834223
3.84779668 2.20367133 17.86230743
3.85163983 5.94283118 19.55834542
3.53491656 4.52863180 20.92858972
3.30957613 4.83860651 17.73065588
8.30681077 5.01216676 14.52732089
