# Lorenz after GHKSS (embed=6, delay=1, qdim=3, minn=60, iterations=3); columns: x y z
-2.47766269 -4.92780063 17.58667095
-4.88311079 -6.14269000 17.71930004
-3.02692788 -5.58466315 16.12827264
-3.64737926 -7.37250087 18.32612139
-7.87289243 -11.15279987 17.30793913
-8.35292712 -10.09150726 15.95788126
-8.09865503 -13.76093192 17.47231828
-10.36084394 -17.05239840 21.01295890
-11.92744336 -15.85587389 23.13844002
-14.21046596 -16.63605840 29.88863256
-13.30149306 -17.34612074 33.50701104
-13.36299930 -10.27078650 36.56395689
-13.10439912 -7.71521490 38.30499624
-10.18231447 -4.79071063 39.15758016
-9.02010223 -0.19098854 35.48518885
-8.24463501 -0.20653464 32.67946829
-5.03707913 0.31695772 32.25503882
-5.02196097 -0.42458433 29.24951708
-1.86554086 0.83867235 25.64237522
-2.15492786 0.48573142 23.95992957
-1.91403409 -0.59469632 22.23163993
-2.28512695 -1.80406762 20.59630831
0.15866963 -1.02129353 16.79885745
-1.40020200 -1.59314385 15.17469543
-1.84473608 -3.54454975 14.72209343
-1.87733662 -4.10431083 13.48007729
-1.14590355 -2.05973740 12.82771500
-1.69388727 -6.62795420 13.45807335
-2.01820428 -3.97303278 11.91683287
-2.66636373 -5.96667769 11.80099662
-1.64603470 -5.48950010 9.96155870
-5.41468845 -9.66209344 11.02457032
-6.97550169 -10.84641461 13.09776091
-9.08890943 -14.79061706 14.92845800
-9.35849580 -17.13657528 16.43501872
-11.12078961 -18.56552345 22.34537973
-14.32974827 -20.49206182 30.56235451
-16.33151482 -16.67132346 34.20298645
-16.43809628 -14.77291099 37.79293641
-13.65434376 -7.45877383 40.20187806
-10.97153672 -1.58594240 39.36800731
-8.64549997 1.12898656 36.45402797
-7.07646531 4.41965996 33.27421298
-3.80746997 1.89468891 28.74289897
-2.14540088 1.13938358 26.77464302
-0.63837473 1.34270594 25.55463513
0.93989944 3.32158462 23.60364843
0.85454823 3.00488481 21.21808425
1.67789172 2.53506226 19.99442148
1.62254602 1.41863217 18.88977299
2.26469904 4.12212501 18.62421576
2.92282468 2.28346509 16.30052223
1.10898642 5.98038705 16.05970034
2.97360290 9.09298115 14.22153638
3.61975070 7.20196337 15.07586038
4.30600489 9.04790209 14.76033882
5.77975708 9.69402085 15.90627994
9.10590385 10.33621558 16.67279654
8.07575691 14.32311235 18.69336994
12.07379760 15.72653057 20.97374029
10.99634498 16.50835866 25.94022667
13.53010909 19.61103325 31.83993875
14.65220132 15.19729822 34.23058851
14.88673045 11.33731087 37.19499945
13.55895437 5.98639650 38.55383251
11.33289134 2.44497863 37.46454696
7.74261699 1.55106996 33.50271041
5.35667287 -0.79003436 31.56483539
4.93011111 -0.65496657 29.03867191
2.48181425 -1.39032304 24.27882171
0.39407497 -1.40111539 24.39450240
-0.28548329 -2.47950596 22.58167784
-0.40751217 -2.86430215 20.68655194
0.87188008 -0.60037763 20.90148419
0.20374643 -0.18749586 16.33067574
0.76302858 -1.70452905 15.33485601
-0.49256133 -0.16703875 11.85198358
0.20126974 0.08229480 13.30012566
0.64526931 -2.59533471 12.32991757
-0.30349037 -0.96315820 11.26821073
0.49430321 0.69350837 12.33123434
-0.64449395 0.73038972 11.39921075
-0.27243901 -1.04119162 9.71346757
-0.22912651 0.66044315 8.48433400
-1.05076025 1.88071124 9.38621376
0.82173755 1.63037578 7.61710049
0.01043965 0.95199504 6.27793886
0.74705762 0.93409260 4.68544622
1.51104379 1.20968390 5.66544454
1.78041050 3.24069157 6.50879493
2.44249803 3.64341548 8.01802044
2.18255268 5.35907245 5.43288585
2.63956880 6.43080735 4.56565045
4.16499223 9.52924146 4.58822889
3.96709841 11.82643677 7.41547646
6.29977923 16.48246702 6.90938854
9.05408545 20.72441085 13.20167207
12.55624896 22.21358475 20.03439037
16.70572128 22.07383246 28.41282866
16.98140402 23.08799422 36.96068889
17.41691428 14.42295700 43.82354049
17.18053258 3.47719296 44.84121809
11.70195095 -2.19833971 41.48097721
8.64377799 -4.16010240 40.25924516
3.25062039 -6.63858983 33.84064617
1.11058997 -7.14096482 31.78296302
-1.69034063 -4.66594135 25.84190468
-2.54827900 -7.43920287 28.04781522
-2.47509610 -7.16340324 26.69906159
-5.99881403 -6.18695291 23.82884218
-4.39871580 -6.35019599 23.34119938
-5.23078360 -6.86603540 22.87177087
-6.78807195 -7.27644808 20.97562132
-8.44663757 -9.05936330 22.21671320
-7.54343943 -9.72361992 21.14474391
-9.03293282 -11.61229396 22.15138674
-9.09063712 -11.92325649 25.56132225
-9.97950746 -12.53655270 27.04206973
-8.99182719 -12.52784779 26.66481599
-11.37539924 -11.18077875 28.63252539
-12.35399348 -10.37290655 30.35302645
-10.77031244 -9.34766577 32.93159704
-10.19819281 -8.76816365 31.24033043
-8.04648951 -6.17913209 32.50097400
-7.59852947 -5.15310584 31.97518038
-7.17719966 -4.04424045 29.60495283
-5.21941651 -1.55518131 29.66666571
-7.33191652 -4.57457623 26.62733549
-6.27342958 -3.57019198 25.30331104
-6.34331677 -3.24686863 23.05746145
-5.64112223 -5.00428097 24.21133384
-6.93920776 -3.16461502 21.21413075
-5.00778707 -7.26066263 21.74338477
-6.31247578 -7.36625248 21.00406382
-8.27185696 -9.76865210 19.81796285
-8.45069468 -10.27220151 20.53401853
-7.68288956 -10.65197482 23.71637238
-8.12712549 -11.08367716 23.37795913
-7.96381325 -12.80123729 23.79159497
-7.66931858 -11.76508858 27.52696981
-10.89166776 -12.81567441 28.90815585
-12.65287838 -12.07108404 34.80277920
-13.79555910 -6.77897761 32.57702563
-10.60852648 -7.70849050 32.39313846
-10.79333704 -7.14099210 34.33134270
-9.30622032 -5.81966098 29.54815686
-8.46995015 -5.30483663 30.74612887
-7.08439727 -2.65140697 31.67634782
-5.11455738 -4.07590969 27.54804499
-5.44882783 -3.89583064 23.98126840
-5.34729053 -4.33187748 24.02903101
-6.07969375 -3.81300722 24.90277337
-6.86636435 -6.40288779 22.55834962
-5.75618669 -7.45107847 20.32000833
-5.64838264 -6.78773225 19.95064265
-4.24356814 -7.51016860 19.86136452
-6.61782117 -9.07390130 20.81033764
-6.38298023 -11.77242327 22.34365382
-9.03112581 -11.07420639 23.17849691
-10.70262193 -13.60061478 24.03649722
-11.35314088 -14.01994055 23.93837844
-11.95480840 -14.68807014 26.24115585
-9.50010238 -11.32352931 31.15532175
-12.80586940 -10.33868531 30.53100020
-10.62533863 -8.38218717 32.97689466
-11.64363107 -5.60176246 33.51492129
-8.44814302 -2.33623411 31.14328831
-7.97056762 -6.51602487 30.13939309
-7.35050387 -4.61386746 29.75718885
-6.36431641 -4.25446570 28.86261319
-6.35583709 -4.59778125 27.93708137
-4.81948450 -5.03384590 26.00672568
-5.30489112 -4.39587107 23.98333273
-5.98376158 -6.02494535 21.66972479
-6.05705822 -4.75329116 20.06471580
-4.69597699 -5.97261009 19.71667344
-3.62594984 -6.47225940 20.36549412
-5.63228533 -7.57205830 19.91169008
-6.74274988 -8.77605560 17.12535225
-7.20375037 -11.40289688 19.24648651
-7.15347776 -9.66109148 22.86468021
-9.48356325 -13.39185891 23.33253300
-11.30540001 -16.70420437 23.86082163
-10.59804997 -15.38610019 31.23508454
-11.84618682 -15.18564251 30.95973087
-10.73741789 -11.32332831 33.52452533
-11.73299977 -9.18055078 34.68001816
-12.16381715 -7.17855128 33.61254801
-11.03060225 -2.42241349 32.21127359
-6.18261044 -2.81541257 34.10451291
-4.87966310 -2.10365805 31.19741959
-5.89430696 -3.98666570 29.23396542
-5.35712959 -4.04444042 27.15785276
-3.04180443 -3.17819029 23.59468222
-5.40898216 -3.47754279 24.63921431
-5.15997218 -6.58486715 20.78557386
-3.64663705 -5.27171833 20.81867389
-4.93160866 -5.84639022 17.66575536
-4.99973937 -7.15650544 16.51676308
-5.77559392 -9.23452181 18.94673445
-6.14145931 -10.34777980 17.67646985
-5.94839222 -11.55278112 17.14033471
-8.53611331 -12.58975458 21.36173393
-9.15401269 -13.17452236 25.37576214
-13.21870633 -13.63594063 26.81495922
-12.19609198 -15.33650446 27.80709406
-13.41918089 -14.15769676 31.44495906
-13.99605796 -11.11967240 34.38608583
-13.11672990 -8.46472078 35.98697985
-11.46057564 -7.04680891 34.50111285
-8.67526458 -3.45063781 33.91098364
-9.59559640 -1.82210824 32.46678073
-6.76519354 -0.71645279 31.06134772
-6.18275821 0.10039729 28.30118460
-5.12335187 -3.15273326 26.40930690
-3.07311472 -2.41517263 26.55094963
-3.21311481 -2.96950753 24.72013571
-2.32635820 -3.77031447 22.49185675
-3.99226858 -5.24854445 22.84939581
-4.81633187 -7.06810501 19.27586702
-4.75721266 -5.98887050 20.70164686
-4.76551478 -8.19966998 19.00342723
-5.54106638 -8.47522251 22.13400280
-7.80799588 -11.08373496 17.16342012
-7.61766999 -12.90139098 18.54664753
-8.68468084 -13.02366010 21.25698262
-7.43068433 -14.79990195 23.57944940
-9.66765212 -14.96651211 28.54616038
-13.55300047 -12.46496247 28.73384920
-13.43595381 -13.13747711 33.74504180
-14.57846516 -10.31701002 36.03841020
-12.56998113 -9.18201918 36.22988860
-10.25632523 -6.68374497 33.89277238
-7.68978179 -1.39264417 35.21522845
-8.18202870 -3.21806083 33.05549834
-6.89845681 -2.96633099 30.40145828
-7.43919729 -1.63374781 27.89134564
-4.48805596 -1.84964191 25.83196588
-4.96957461 -3.35085028 23.59496748
-3.93669440 -2.99776785 22.75674195
-4.10148767 -1.55417802 20.72433868
-3.38411782 -4.74527176 18.26592635
-5.36432046 -6.24837321 16.81031046
-5.34484332 -4.29738740 16.22460669
-2.01131258 -6.00236471 16.72978742
-6.42609396 -8.82078891 16.23239272
-7.22149231 -11.59541154 16.57165661
-5.09172800 -12.34308816 17.55289178
-5.24136284 -13.52008666 18.12265676
-11.08820842 -13.58849569 22.86668390
-11.75259216 -17.54774156 23.94346367
-12.35477537 -16.55752547 27.74298806
-11.78440614 -14.10604762 32.87288335
-14.67844253 -15.18391092 33.05417721
-13.24014117 -7.84722989 35.58869012
-10.66806704 -7.15472803 37.32793699
-9.13089101 -2.75908508 32.65890308
-8.12489722 -1.26410768 34.01556937
-6.04467392 0.49758281 32.12887867
-6.19007798 0.10646590 27.84226803
-3.86730980 -3.50110437 26.46991679
-3.08781676 -1.67319184 25.55926854
-2.08865938 -0.93537523 21.76402183
-2.68333914 -1.78352373 21.70031511
-1.48248896 -1.52356336 18.37627199
-1.00635757 -1.59573139 17.24873723
-2.17209627 -2.47692315 15.48591092
-2.27627995 -4.25284889 15.80705436
-2.94641307 -7.20726261 16.01179124
-3.74214552 -6.60885036 13.96711567
-5.27267662 -7.11843002 12.47763078
-5.07592785 -10.68186064 12.79679280
-6.83934458 -10.89050859 15.32516609
-6.04628166 -12.96916737 18.70412447
-8.43632489 -16.30945918 19.98879783
-11.46794242 -22.13840230 22.98215392
-14.42082539 -19.84753971 29.51426328
-15.87894006 -14.01809850 33.18835030
-13.34424471 -13.33850097 36.79282578
-13.27342014 -10.45381713 37.56419750
-10.94268013 -2.59221134 39.41765117
-11.16966171 -1.20267743 32.39513350
-5.88760298 1.78539373 33.79076251
-4.38027670 1.45473888 29.81702623
-4.39654414 1.96898368 27.37716907
-2.62684327 1.60036059 27.72839094
-1.06263222 1.86178408 22.80848747
-0.71339429 3.58391504 20.94100719
-0.69748206 1.80841387 19.82158264
-0.22709494 -1.42210615 18.99015134
-0.38100949 1.09673296 16.44367349
0.24580529 1.91088365 13.79362906
1.68276972 1.84225551 13.41391513
-2.70094119 0.12946066 14.73894630
0.03413798 2.17544110 12.45387056
0.55937414 2.01422576 11.94074938
0.69107040 4.06132224 10.40341518
-0.01883519 0.09989506 9.28269543
-1.25687964 0.78994443 11.00664573
1.10756438 1.44489938 8.31750051
2.99988100 1.64130997 7.44332513
-0.13343088 1.91004628 8.63502402
3.11926213 0.86201124 6.37527381
2.67593719 5.41112043 6.41643041
3.93669772 8.45714896 7.13748146
4.26988280 10.18672143 7.99074297
6.77473211 16.51115741 9.60859859
10.89196926 17.84438178 14.68049356
12.65279020 22.86707868 17.65014648
16.72276109 23.26752447 22.03008467
18.10485411 22.84688096 33.88054332
18.02950363 17.20885733 40.41075549
18.32056025 10.96229117 43.63911527
14.19828845 2.15226976 43.18790896
10.68999182 -2.06640329 39.38000107
5.96021768 -4.16383836 35.49214115
3.33714236 -5.55565915 32.78579461
0.30228523 -4.59311080 28.58102239
0.45823691 -2.34597750 25.89060009
-3.09256859 -5.18660591 28.78204848
-1.94234110 -4.49690981 22.74091173
-3.57129541 -3.72313422 22.19112935
-2.83929784 -4.64935775 19.15361477
-4.05231618 -7.01519468 20.26930836
-3.62878073 -11.15516577 18.44997084
-5.63618920 -8.91246311 19.03859467
-8.95218151 -13.40666392 21.25605746
-8.34271987 -10.15145762 21.68007436
-10.68304443 -13.03568528 23.46004131
-11.00913488 -12.96882577 22.80393405
-9.76765847 -15.20396434 29.85946174
-11.47079927 -15.47322708 28.56710620
-13.13319895 -11.67881257 34.30828460
-13.20355097 -9.87349593 35.00935648
-11.08625428 -7.88738853 34.82162667
-11.21324269 -5.02772751 32.59372479
-9.22521369 -0.37507162 32.23500157
-6.85693561 -1.85126608 29.83606183
-4.85607272 -1.51495245 28.59259021
-4.64882333 -1.69145065 26.36645294
-7.18347219 -1.12800970 22.57479639
-3.96589475 -3.87130969 24.72746634
-4.01418036 -6.61568479 21.91365891
-3.70433495 -4.95390788 20.32470414
-2.79713010 -4.69663346 19.25318281
-7.05738719 -7.67101580 19.68702779
-6.05976319 -7.88037887 17.68709401
-5.36715826 -9.81257551 16.10949835
-8.68888087 -8.51488610 19.55770257
-6.42772704 -10.97686112 20.84488976
-8.73095308 -12.44163600 21.35973568
-9.43283820 -13.50806142 22.51093602
-11.95885350 -14.51950242 26.73791165
-11.42784707 -14.07676630 27.85246154
-11.40735108 -14.18124413 31.16138831
-12.20697180 -13.11424762 33.24236598
-11.40829480 -7.65301913 35.66035246
-10.08210088 -5.05935336 33.78059713
-9.69382344 -2.07309911 32.26137209
-7.41689579 -0.64510862 33.25245032
-6.04687007 -0.12956820 29.41472992
-4.51232151 -3.06914515 27.50059631
-3.06052619 -2.56036915 24.90168008
-4.83088110 -1.96966865 22.89314181
-3.74348197 -0.09641925 19.33297475
-2.11972307 -2.28339697 21.71529361
-4.66711038 -3.41439460 20.02193367
-5.07305820 -6.03665434 18.37295592
-4.33107251 -7.65161793 17.71139220
-4.36337747 -7.00431223 18.68350701
-6.25160219 -10.97417508 15.88394314
-5.84029017 -11.55106163 17.65405041
-7.43576643 -12.80288373 18.41243069
-8.62723555 -12.28437806 23.98238416
-10.33291179 -15.68133802 25.96156163
-9.71412581 -18.66722383 25.38488220
-13.24965240 -13.69557689 29.85648072
-15.30042212 -12.83556940 33.94112270
-10.76496309 -9.07802547 34.88781431
-11.73639224 -6.34431846 33.63006134
-9.28953493 -4.20989915 36.26993631
-6.51542245 -1.62142588 32.65360077
-8.17292585 -3.71907191 30.72461950
-6.55636791 -2.16755732 27.45716639
-5.97866915 -0.68692024 27.01911824
-4.59601427 -2.56186845 23.90131963
-2.95916056 -4.32072279 22.30433982
-2.57181267 -2.16319509 21.80567110
-2.97999126 -2.32800188 17.80724070
-4.88800902 -4.44796643 20.30440014
-6.17576551 -7.41566548 17.60938569
-4.06411479 -5.26502029 18.16211686
-5.18391293 -9.32848887 15.07206323
-5.06697418 -8.59477624 15.20487356
-5.87358378 -11.81302367 15.26376842
-7.63532297 -14.03938080 17.98922209
-8.47182054 -15.15849898 19.88265323
-10.65411507 -16.36643175 22.24092918
-11.89405711 -17.51524708 25.62743363
-14.29594428 -15.29299055 29.36172696
-14.01491218 -14.04495523 34.37232551
-13.10150614 -9.00254324 35.65976255
-11.11052858 -6.25736496 35.70836043
-10.45538114 -4.44097952 37.08654839
-7.67160582 -2.95933653 33.25268711
-6.71489855 -3.01268943 32.51030759
-5.30583535 -0.44947034 28.31553666
-3.22488267 -1.26320431 27.05317448
-5.34976149 -3.98941680 24.63123340
-4.10058863 -2.07856212 20.84267829
-3.90704726 -2.72199368 22.73159525
-4.70738418 -0.08052665 19.39338315
-2.82351914 -4.42348940 19.12573834
-1.35100509 -4.57393439 16.18583522
-2.65025680 -2.03326609 15.84658668
-2.61502456 -2.65902112 13.95218543
-2.14905068 -6.38672301 15.69159117
-2.67384043 -7.83073360 14.19350352
-5.09222675 -7.88361980 14.19088120
-4.76597829 -13.54590245 15.88613012
-7.32058852 -15.24105328 16.97629113
-10.12379272 -15.58172267 18.65210519
-11.89652300 -15.67580436 19.78300708
-14.73070875 -19.15734516 25.44906372
-15.40650046 -17.42199931 30.37466159
-15.29471096 -13.25197759 36.92313952
-13.37278708 -7.59498806 38.53748922
-10.52804061 -6.15266640 36.85610403
-11.72077360 -2.09210650 36.41097199
-7.47402335 2.05400245 32.32866453
-6.81207383 -0.95744762 31.35677393
-3.61098628 2.21984139 27.13382611
-2.90840666 -0.18695556 27.36224855
-3.77537693 1.06338759 25.02187607
-0.15412391 0.33416699 25.06553663
-1.27521747 -0.53621327 21.98311396
-0.90221201 -0.70172941 18.85905839
-1.19798430 0.96701534 18.78712096
-0.58860569 1.89794630 14.63265225
0.76181438 0.55261279 13.69796370
0.17445602 1.02206566 14.08133648
0.86540832 1.80054944 10.07508190
1.11093162 0.31145608 11.62356580
2.28008081 2.59816012 9.76203193
0.75211585 3.17822140 10.34732128
-0.14488026 5.96329676 8.25674092
2.95759884 2.97551292 9.39761175
2.13455429 4.21262526 8.52220015
4.38273805 7.02232210 9.74923309
4.53619799 8.97561857 8.49612075
5.32122158 9.95992018 8.33116298
7.63604583 13.32993816 10.43678784
11.41532056 18.03309310 11.97157926
14.26349607 19.57108259 18.53445003
14.74634434 21.79780441 25.90456422
16.43934036 21.28624893 36.10062896
18.16643353 17.63185887 38.96743953
15.35266964 8.65908638 42.54659872
13.83111447 0.35556127 41.60140224
9.78637434 -4.29582796 39.41093789
6.68262619 -5.60539480 35.93055703
2.54887238 -6.35647336 31.95569772
-0.48336314 -5.16032613 30.51746595
-2.58916894 -6.03398879 26.37658920
-2.65452412 -5.14028196 26.34641020
-2.80535505 -5.21997166 24.08604307
-3.13217484 -5.04536298 21.86412120
-1.36256174 -3.55230278 20.21115099
-2.80123927 -5.22974948 22.53284531
-5.63954904 -6.87538134 17.97543387
-4.95357980 -8.61126992 18.77253776
-6.54993321 -9.98586272 17.63583095
-7.51472891 -10.59574832 21.15273154
-8.26687025 -11.94988163 21.38830748
-9.08143667 -15.26904621 21.50262903
-11.33742673 -15.00052852 25.68256945
-11.10151144 -17.53994503 28.54107774
-13.99954342 -13.72590552 30.96050259
-12.98685186 -10.90627348 34.74898654
-9.35130454 -9.28524213 35.40894846
-10.78060028 -4.03986990 35.10293850
-7.90274784 -5.13740511 33.77637396
-7.84947089 -2.59100818 32.58546696
-5.92952687 -2.13619086 30.57378326
-5.52929673 -1.98431037 28.47196457
-4.69320488 -1.99483422 25.62790086
-4.75073949 -1.85770404 26.85259152
-2.91157437 -1.38600794 21.56786745
-4.25362456 -1.22849948 21.97092648
-2.52841718 -3.56069870 19.63166028
-2.26030133 -3.17843090 21.33375215
-3.34009260 -6.11325907 16.87254660
-4.69552422 -5.40625394 16.28655229
-4.45673333 -8.77034862 15.49191709
-6.21002239 -8.01322045 16.98321734
-6.10768944 -8.66568913 15.80031562
-10.22974034 -13.18113790 18.19896886
-10.29670889 -17.62572969 18.61925937
-13.43832642 -16.78799996 24.60841091
-14.32332589 -14.80906302 27.53835910
-12.05207620 -14.22985115 30.31646678
-12.45424752 -12.19886616 36.06770103
-13.64985657 -7.97330291 34.69137148
-13.03134714 -5.39049166 36.92986921
-13.08002077 -1.62623579 33.79122085
-8.27067704 -0.26926440 34.37185985
-3.46425672 0.85038026 31.38095111
-4.18265271 -0.33590631 27.17574780
-4.40435517 0.14475112 25.11601523
-2.55636351 -1.59736649 24.97129793
-4.36744260 -2.23432632 22.11125903
-2.80973688 0.07366207 20.74980713
-2.46744225 -2.36021192 21.18166633
-2.76409530 -2.20427792 17.33532438
-1.95843607 -3.76608573 17.33161835
-2.81822728 -5.44064694 17.26581445
-3.01446401 -5.77274618 16.46634195
-5.24565353 -5.61045562 14.89027319
-4.55404193 -8.39842811 14.77007974
-4.89303197 -13.30585316 13.52157517
-9.15214671 -13.65291482 15.80368879
-10.65467969 -13.39576127 19.92270754
-10.16858561 -17.41038850 22.98630152
-13.20084395 -19.67383451 27.84026099
-12.55717383 -13.78478232 33.59508603
-14.57992573 -12.03756254 34.26981977
-11.78890144 -9.18163416 37.12194642
-11.56383149 -5.62366362 37.31326608
-9.42087850 -1.14389130 34.70311894
-5.78795498 -1.27991465 34.94904773
-6.07826972 1.41408494 31.80097854
-5.15396093 1.09059607 28.79019341
-3.48615806 0.62822774 28.34162623
-1.78914176 0.21968611 22.53473441
-3.32570516 -0.37683724 22.23290377
-0.73908046 0.59832729 20.98600083
-1.80306070 -1.92232033 17.91934701
0.01082714 -3.12566325 17.89821115
-3.89303571 -0.71108765 14.93354081
-2.12979246 -0.96025781 15.75239758
-3.31589107 -1.65018813 15.09591137
-2.65811600 -2.30071705 13.33061287
-1.80251964 -3.90210980 9.82186393
-2.71452655 -3.50476697 10.18184293
-3.52861234 -5.89628500 11.61206699
-4.29579641 -8.03060012 10.76973426
-5.14286073 -10.12035442 7.98079687
-7.97509707 -9.96073383 13.58043416
-7.87232721 -17.22657264 14.56034179
-10.01038604 -17.54689646 17.03440974
-12.56421288 -22.31255624 24.28450604
-14.38832479 -20.29206275 28.99205558
-15.56113403 -17.92750225 35.06297686
-13.50389374 -14.80090236 40.29945033
-14.10324727 -6.07033290 42.72356894
-11.78497229 -2.21529857 41.07645516
-9.33460088 -1.24172421 36.74659311
-6.84267924 3.64557367 33.45332249
-4.79580474 5.00842782 30.81245443
-2.79329594 5.01223297 26.14109470
-0.66265382 3.54805987 26.16885580
0.77520487 3.11649109 22.63563823
1.14683743 4.57110187 21.90673715
0.73737618 5.20777288 19.64060687
2.91550359 4.68591684 19.15441472
3.16075489 2.74751458 17.46648720
2.78384344 4.98028454 12.53062990
2.78434355 6.20503581 15.64605081
4.94789622 4.82470322 15.74468743
5.31514065 9.18937630 15.56582230
4.82945286 13.34163666 15.39967039
7.57801925 13.31495901 18.52668221
9.52696420 16.64603819 19.19246150
10.05089610 16.99925415 22.55038457
12.82994829 17.44921108 27.36470043
12.05642582 16.98455440 31.09168821
15.49455721 13.35328625 33.41500387
15.23409555 9.45637355 34.18869260
12.21762646 8.22011919 37.14264397
10.81298582 5.09424817 37.34243708
5.69052403 0.25552102 33.77547935
5.02853636 1.50623926 32.45910032
4.23543249 -0.34991032 29.34377553
2.22874791 0.29974423 28.52169878
3.11293704 0.63811942 24.60262693
3.99812241 1.43071140 23.66099477
0.21636019 0.53004438 22.02454551
0.27450653 2.56718372 21.61759393
1.31952703 1.57029233 16.22848929
2.81223896 2.10161843 16.34539680
-0.21104194 0.68138595 16.59727492
1.41821663 4.65281686 16.33359844
3.44221558 3.01142605 13.64261056
-0.05736336 3.87337954 12.26146854
0.74172537 1.91959901 12.77398357
2.43109069 4.10279098 12.38821575
3.05481595 8.03272493 10.71665999
5.32983974 8.73782458 11.46574052
6.14227685 8.35467937 13.00140583
5.60212799 15.00061819 15.44997407
10.21489867 15.96080768 16.70192594
11.14608505 20.89699731 20.19168894
15.33014771 20.40805067 26.01949028
14.84930972 19.53865720 33.40986796
15.33990774 16.62068655 38.06363846
15.72243881 8.46287536 41.05030629
13.74990677 2.46477061 39.37533053
10.32459555 -0.41235119 39.54146098
5.00617812 -1.40470034 33.44962372
4.82361181 -4.80324827 31.01192439
1.26117183 -5.27173665 28.96318565
1.01163244 -2.40146243 29.01862442
-1.74312568 -3.86586776 24.03068469
-0.59597986 -3.48323786 21.85895443
-2.39042229 -5.45468253 20.43133337
-3.36234108 -4.03918478 21.48540657
-1.72239499 -3.79805998 14.65488041
-2.45401670 -3.22323622 15.88585665
-3.91567807 -6.16912623 19.35751187
-2.49712577 -4.38726884 16.28485328
-5.16795581 -8.76582176 13.92535045
-5.73443063 -10.44944651 15.44488878
-6.72445761 -9.78113350 16.45213553
-9.02469925 -13.53135689 19.02507007
-9.60288863 -16.50554271 22.86016166
-12.36793563 -17.18962024 24.78640679
-13.68646695 -15.47009131 27.99986048
-12.57027457 -13.44539108 34.02130832
-14.99755129 -12.92986167 35.10689017
-15.72262272 -8.19392109 36.03271580
-9.58350899 -4.62673046 34.54626893
-6.28161325 -3.16154073 33.09852308
-7.50984724 -0.71363285 31.34105958
-7.38673975 -0.01423968 28.42844727
-4.14485071 1.42896675 27.80472515
-3.15027809 1.53632071 23.96800386
-2.34251090 -0.46838535 19.72076976
-2.78933707 -0.61667043 20.27107748
-0.65993694 0.14053778 19.30245391
-0.68482468 -1.65261432 17.71950703
-2.81706239 -0.51212241 18.89345962
-0.50439291 -1.58875662 15.28975206
0.94166011 -2.95416665 15.95689950
-1.37510901 -3.52395249 13.81307497
-2.26816054 -1.24971500 12.91636280
-2.40166659 -3.99710506 11.10669252
-2.21658535 -2.97900640 11.48983011
-5.49487720 -7.22005393 10.09038775
-4.46741007 -8.02872535 11.41137899
-6.37483929 -7.89369062 11.53492066
-5.71937654 -15.22380596 12.30954218
-9.78493950 -18.94786820 17.42426105
-9.95981552 -17.56695697 21.02955638
-14.99499828 -21.18511147 25.78997641
-14.80877707 -19.03108919 33.11116164
-15.37340582 -15.38673763 37.85413983
-15.77189795 -8.81819806 39.17030675
-12.32712252 -4.91410053 39.86526250
-8.59578730 -0.51548778 36.80338740
-7.39361703 2.11731646 32.97361123
-6.56069635 1.30217445 29.27642904
-2.84884591 1.63547027 28.26744674
-2.45546073 1.97935346 27.00063442
-0.86664119 0.55292044 23.69513202
0.17009652 1.83599409 25.76532291
-1.06350099 2.48814719 22.16960168
-0.49863220 2.21918787 21.06221923
2.23589807 2.83021742 19.03109851
1.59163273 3.67851948 19.18279208
-0.13786446 3.87088778 15.10215524
4.23985549 6.46397528 11.92390881
4.48571377 8.80836293 13.96172056
4.44105583 8.26833567 15.07787194
5.13554391 11.59259295 15.17793328
8.85473092 13.00926046 16.77611993
9.86770625 16.05827181 20.39218630
13.90849348 19.07594181 22.50344596
13.46790372 18.57897526 27.66639378
14.35890760 14.89442785 30.37183932
14.27906371 14.59405854 34.29492430
14.83489818 11.63158482 39.89994873
13.00673789 5.58701280 38.18065092
11.50356685 3.63228409 35.91668597
7.29016953 -0.35620537 33.18799236
5.26913284 -2.23168449 30.40062627
3.54840478 -0.61825345 27.78482518
3.70100882 -2.80353828 25.00106586
3.59451255 -0.92529809 22.61826823
0.90092464 1.12219049 22.35913887
0.42850247 -2.46469642 20.09050168
1.04449143 -1.35635481 20.55965510
0.34672023 -0.79819724 18.04114424
1.58069868 0.48325417 16.75136682
-1.99049622 0.29252378 14.31845852
-0.30601953 2.70879414 13.94945915
-0.19569052 2.42861671 13.41382156
-1.64297092 2.32480306 12.90971297
0.11449125 2.37122065 11.12505503
0.54953007 3.35620700 11.65348011
1.74797701 2.61435173 9.77833275
3.65396276 5.78411019 10.14703592
3.10030851 5.01241035 8.58361471
3.31505532 9.44091958 7.21027280
5.73317038 12.43936614 10.29331340
8.52211210 14.21662358 12.46358672
8.63567820 17.35796889 15.20154314
11.32169250 20.84134478 19.83135387
15.11800691 18.16845242 25.76567566
15.84858671 20.28079602 32.76090715
17.23323354 15.32533228 39.92920245
15.42392921 8.68116241 42.41709049
13.58905123 3.36694672 40.56018045
8.46791006 -1.57760260 39.53287402
6.19961178 -4.91556551 33.74711649
3.35814712 -4.30963748 30.72529593
0.22025247 -4.14067126 30.77040171
-1.77397233 -3.78323236 27.46202853
-0.36582063 -3.51811271 24.00384778
-2.27078634 -2.75216461 22.91552162
-3.67712807 -5.53230951 21.19810922
-3.22204370 -4.58477628 16.36371506
-2.44572660 -4.07875395 17.58675913
-6.65799426 -8.57399893 17.62040504
-6.57274542 -7.49151134 16.83675656
-6.61422443 -9.76426868 17.56698626
-5.13063387 -11.05617916 19.04372003
-7.68648387 -13.33903770 18.57567446
-8.40803414 -14.17818559 19.54670026
-12.05534782 -13.31694398 23.78140598
-13.25122366 -17.58667782 26.39539969
-12.58536241 -16.70387363 30.33796800
-13.37986018 -14.69691499 33.34065841
-12.27105019 -8.06154957 38.11220367
-12.06643888 -7.58862667 33.13001812
-9.93479657 -4.43774891 34.45647671
-8.31090988 -3.21343788 33.14358813
-5.96583158 -2.73720067 30.05384827
-4.52611560 -1.58810836 30.15768993
-6.14086649 1.64796092 27.88599015
-6.15370713 0.13843216 24.84102997
-2.20660953 -2.80927644 22.90420351
-1.68251410 -1.46684289 21.48966504
-3.89609244 -3.57661211 20.05370337
-4.88230693 -5.49621509 18.69596578
-2.89305425 -2.83517660 17.33980894
-2.30523831 -3.27013842 17.01230543
-1.91237626 -4.75592633 17.00724221
-4.14248770 -8.09341081 14.11428204
-6.04950406 -9.40530837 14.27900954
-7.69134520 -10.37256168 14.09614169
-8.14197792 -12.93408544 18.63482610
-10.05324541 -15.64358656 20.51850713
-12.44547758 -18.70107776 24.18212921
-10.86026190 -16.96223025 26.20085178
-11.91933832 -14.34536000 34.39561538
-12.72650167 -14.17796753 34.89738607
-14.14357577 -8.14092172 37.09502125
-10.75814251 -5.09430318 37.61253813
-8.96073422 -1.71218621 34.07614119
-7.20798761 0.11235025 32.40709866
-4.33492193 -0.88095402 30.87464251
-3.57507447 -2.22557445 31.87933188
-2.44079106 -1.10243764 26.74558625
-1.85734040 0.44417069 26.36118876
-1.71336095 -1.64650924 24.09025751
-3.65397454 -1.90114441 21.51927709
-1.38419204 -3.38311955 18.15811117
-2.02804752 0.56021730 19.04663993
-2.94568132 -0.96962586 14.71836952
0.08401697 -1.62230949 17.15195914
-0.19121149 -2.17981444 14.49847492
-1.13628352 -3.53536858 10.08260534
-2.75610564 -5.67706683 12.28502080
-2.51122745 -7.04484078 13.19857227
-4.90159775 -9.20629471 12.02380264
-6.10291976 -7.91718207 14.01878119
-9.00298960 -13.07475835 13.82002302
-9.33939865 -17.21671364 16.07928754
-11.93262503 -18.18845379 21.92595339
-15.23652543 -20.46774728 27.63966210
-15.15726325 -15.83908558 33.03171099
-15.20729074 -14.35974533 39.10657325
-12.18321623 -7.86596740 38.51275274
-10.90947541 -2.34855155 39.08419633
-9.38269850 -0.23957402 36.46159928
-6.67711801 1.17153875 31.71712729
-4.69550011 1.78221603 29.15485066
-3.24668753 1.73667714 28.05502076
-3.00959523 0.97970356 28.25744109
-1.09596743 1.05713929 24.46219384
-1.10194239 3.30284694 20.07586990
-1.25008273 1.43124951 16.50323194
1.14057847 0.67606379 19.45423368
1.34410483 1.21511191 17.15793959
-0.88062140 3.62805998 17.30963093
1.40305085 3.53163204 13.80042126
3.00448350 3.85750971 14.45478940
3.32826552 3.51256355 14.15160370
3.81500790 5.47122576 11.92713106
3.59853926 5.40832895 11.54534402
3.58734684 7.58426485 12.02199210
4.40063717 11.13970117 12.90965590
7.46935751 13.70246437 13.21891245
9.32849691 14.37763600 16.85598583
12.39164113 17.09256838 18.72531170
14.42444385 19.77527354 23.03038033
14.68199325 21.22740492 33.09452761
14.26634781 14.01840554 35.58572795
14.86149029 11.46799766 38.95280505
13.65300533 3.99432423 40.06977679
10.40624093 0.60199106 38.37330226
7.19143415 -1.35962849 34.78803497
5.56238243 -2.71412370 32.25318903
2.71720448 -3.16682703 29.48992200
1.14576585 -2.39296370 27.45999516
1.13581067 -2.84361486 22.18129416
-0.44374709 -3.95846725 25.24576751
-0.44287577 -1.15958253 21.08832166
-0.84993547 -1.37961898 20.31660184
-2.81050901 -1.51628629 16.52570613
-2.37409253 -4.82352061 16.40143801
-0.58098040 -3.30505358 14.97417332
-3.94169339 -3.55589274 16.53055495
-5.49309149 -6.49885837 13.48505513
-5.82764500 -6.45874020 14.62650684
-4.53301227 -8.22701991 12.91744974
-5.68249501 -7.65307824 13.43707343
-7.29001017 -9.87505553 14.72486803
-7.50968072 -16.81318246 18.43649941
-13.56719148 -13.97351961 17.91309361
-12.01658956 -19.45026239 23.10487937
-12.45177278 -16.89093330 27.76581364
-15.98087185 -14.28433223 33.58524041
-14.81074854 -12.48653917 36.88154196
-13.91436579 -6.07257279 36.76698618
-11.78414754 -2.97177998 36.40284906
-8.80751061 0.52148557 32.32506867
-4.33693124 1.48592196 30.75862992
-1.90059415 2.85345946 30.71594275
-2.78016802 1.62847257 27.33087180
0.72975541 1.08760754 24.97331204
-0.65652797 2.57355414 21.63340878
1.69224695 1.71200617 19.15346719
-0.08101837 1.80728795 17.99217363
0.39660243 0.16904983 17.79008500
0.87405299 -0.18803605 17.53882594
4.16250915 0.29140577 16.35841253
1.51496155 0.50820056 14.99583154
0.00405514 2.46017756 12.41942383
1.90888846 2.89311347 12.22461188
0.77573105 2.00699672 10.95855569
0.89525599 4.40198921 10.38511760
2.76778421 4.97096468 12.05734581
2.28870022 4.63209961 7.30720426
3.26514525 4.65970795 8.66122990
3.87702057 9.22360490 10.28215585
5.36921517 9.42840018 7.81584603
6.95482636 12.52319907 9.70981243
6.56716627 15.49440866 12.26826857
11.65614608 18.09966565 16.33724534
12.58177850 19.66265776 20.72071730
14.19737420 22.33677950 30.82852969
16.60851387 17.33241148 37.87592472
16.32540358 15.45140158 42.03275881
13.62004817 3.80315847 41.13829718
11.89423867 -1.71966121 39.85056716
6.16603292 -2.30622109 35.35243558
4.12448074 -2.26573459 32.46980831
1.51295658 -4.22807080 32.35061323
0.43656150 -3.64416718 27.40794903
-0.40181531 -6.37145094 23.80226005
-2.68466629 -5.08358087 23.50133807
-1.78810397 -5.89105798 20.15290692
-3.05099258 -7.34005236 18.81436915
-5.81533813 -5.61447343 17.84323220
-6.31013405 -9.12307932 17.72018701
-4.82263686 -9.04771314 18.81734024
-5.82368396 -9.25851149 18.45479195
-6.59924349 -11.06126110 18.54373844
-7.59142219 -11.22814408 17.53284511
-8.58240110 -13.00330894 19.73884219
-9.31655134 -13.85462558 23.02419519
-12.85483762 -14.78326794 25.11369983
-14.03454558 -14.11685038 28.95051466
-14.37945566 -13.75164153 33.08854605
-12.69401229 -10.93368070 34.25612563
-10.84026739 -7.64006211 35.83739420
-11.18578562 -5.24870417 36.92732242
-11.91467601 -3.58144700 33.49436554
-9.29126325 -2.39236790 33.05263564
-6.81141190 -2.43545272 30.37923169
-5.50002412 -0.85434105 25.78176465
-4.40853161 -1.71538979 24.27887116
-3.48913020 -2.78317435 22.82674309
-3.50019538 -3.28974226 20.86682380
-1.77199489 -4.46945444 20.34361416
-3.76719877 -2.10961157 19.97317439
-4.12125796 -4.24188954 19.57151619
-2.91390825 -6.22151883 17.57806459
-5.81627014 -5.24687271 15.93086182
-4.45637438 -8.38121583 13.49130246
-5.56480529 -10.98411107 16.13765557
-7.02326449 -9.88162260 16.78618721
-6.38649432 -13.80934054 18.45756674
-10.19436521 -15.44786386 22.84182567
-8.98525624 -16.38917542 25.17249082
-12.83375812 -15.29350691 28.39518473
-15.02746615 -15.58202473 30.52524392
-13.70587388 -14.33212220 34.57464727
-14.28947835 -8.80117677 36.45527371
-12.58745359 -6.40804404 35.65972070
-9.46919907 -0.73684273 35.98024013
-7.18866025 -1.10106862 33.55023818
-6.51942563 -2.83774187 29.47548415
-3.22572657 0.47175610 29.85074072
-1.99731754 2.16937889 26.48997965
-1.03027533 1.31895331 22.31985744
-1.48526216 1.19001535 22.40006474
-0.40827312 -2.60659536 21.17423120
-3.92385703 -0.65543708 20.42024429
-2.22883903 -3.15996256 17.49418340
-2.92725047 -2.36861659 17.75757948
-2.07702583 -4.95753600 15.95439488
-3.24533249 -4.86367626 13.14565802
-3.30461178 -5.96754958 12.24709039
-1.82669636 -5.50278589 14.83672232
-4.97442275 -7.30345286 14.76802233
-5.55117632 -9.98181293 14.18458179
-7.56672912 -14.22852411 16.77808230
-8.82263490 -15.31572461 18.56711835
-10.86256709 -18.15931781 21.43748452
-12.25951239 -17.47415077 24.12686062
-12.94064549 -16.53921552 32.39862078
-13.20762254 -14.02823531 35.80135347
-14.05292219 -12.08796799 37.50686611
-12.35489864 -10.01392282 37.71492490
-12.05445946 -4.86926744 37.54474114
-8.58560091 1.57605923 33.08592837
-4.98816973 0.73497646 33.03356102
-3.11356471 0.72444559 28.49888037
-2.23855005 3.71703977 27.55598812
-0.43780514 3.00101180 24.38023802
-0.13796856 1.42393102 22.76126614
1.06101400 0.69189126 20.32983984
0.47970923 0.89613299 19.60180348
-0.09330483 1.23441103 20.60060619
0.60847850 2.75733415 18.64817899
-2.72874394 1.66720781 16.10154295
0.98726981 2.16776483 14.59616479
-3.45036833 3.02040542 14.47472948
-0.81163783 0.66890805 13.75542120
1.87541474 3.44947280 10.56777770
2.25425420 2.91335942 10.64717027
1.11019124 1.36753028 7.96268648
2.55661289 3.48368523 10.97161506
5.77633990 6.76809976 11.97443434
5.00146582 11.00405341 10.62772910
9.55159026 13.44439523 9.43913756
9.21489730 16.72301341 15.17897914
12.12853421 21.93685764 17.67251095
15.79313914 19.77011322 24.23707392
15.93980995 20.28469507 33.08610385
15.34586639 16.58570686 38.57718159
15.53464768 9.10173397 40.94953311
13.26044068 3.73183609 40.37821117
8.65067673 -2.29213313 38.62162597
6.65946872 -0.84761466 34.48406007
3.47371795 -4.21094439 30.31247419
3.24073529 -1.11886243 28.61040874
0.76592684 -3.49076496 27.03431287
-0.67282171 -2.14423865 24.36898775
-1.35550400 -3.52836081 21.03329279
-1.69167734 -3.65218455 22.27133505
-1.83434766 -4.79122465 16.34836495
-4.03138522 -4.52986389 17.81620596
-4.69938662 -5.12315929 16.67568731
-2.93713576 -7.47108812 17.03187168
-5.30788984 -8.03816955 17.21630288
-7.25709691 -9.88179580 17.82472194
-6.44086275 -8.24652773 16.44458470
-7.55604484 -13.01706507 19.28483223
-11.38036521 -12.86885377 21.01377805
-10.79537703 -16.50929185 21.82326756
-11.76450996 -16.13114420 30.01809313
-13.11510344 -16.95047644 30.02051326
-13.05221172 -13.43487659 35.36006276
-14.61108786 -9.07961496 36.97131652
-11.19329571 -3.72975926 36.80355042
-10.03687562 -2.61309357 34.52184069
-8.15745125 0.61611110 33.66107238
-4.93002371 0.50925340 28.72244805
-2.87608503 1.64920423 28.14474995
-1.39443486 -0.44427128 25.45540863
-1.22624680 2.24596207 23.44651067
-2.36319812 -1.68480235 22.75123142
-1.60320482 -2.60869948 22.17952352
-0.99887825 -3.50039483 19.02078354
-2.02874841 0.65688909 19.09817411
-2.13458923 -2.04815750 17.00228808
-1.72335735 -4.44242057 14.74108293
-3.21920301 -3.50752572 14.66180640
-4.58155132 -5.36224361 14.01215581
-5.03628688 -5.36231734 13.18514693
-4.96564616 -11.58008160 14.73374308
-6.95148867 -12.03299452 15.43673709
-8.03803222 -14.78213068 15.06870498
-9.59214555 -19.00584006 18.06516090
-12.69306304 -16.83312675 24.87694269
-13.12035333 -18.28782960 28.44291378
-14.19743759 -15.00497496 34.49757735
-15.76625918 -9.11161872 38.15489831
-11.65467266 -8.13325377 36.70964431
-11.66220494 -4.31793394 35.56851797
-10.64199171 -0.84444847 37.04059075
-7.93487748 1.50538649 32.86696170
-6.02804581 0.01130970 29.63274872
-3.33795105 0.12261099 26.62410877
-2.61043430 2.15810115 24.87989764
-1.87795489 0.94329998 21.84882268
-0.27491893 -2.35342406 22.58850800
-0.26323469 -1.41030189 18.98060597
-0.18453969 1.79553499 19.63888289
-0.04206465 0.20337615 16.37313184
0.19632724 -1.32327864 14.28312919
-2.71879990 -0.61265421 13.68629116
-0.91066067 -0.52074005 9.88335373
-2.89122461 0.33860360 11.90195733
-0.57331019 -2.41794145 11.00850414
-0.70398999 -1.97552457 11.34157247
0.27229720 -0.96939696 7.43911203
0.21437547 -2.00144335 10.49333948
-1.15254700 -1.66315147 9.65296070
-2.29106922 -4.49217719 9.61253737
-1.68351155 -3.61565977 7.64685612
-3.35292614 -4.08550822 8.69147450
-3.85915824 -6.82920583 5.88879383
-4.19570488 -9.76799736 8.87390030
-7.62449076 -13.17588126 8.51378989
-8.24857268 -17.87129992 9.98133617
-10.89737552 -20.47347145 15.24086303
-15.07053730 -21.06248601 23.45814279
-15.41103757 -22.31528580 30.83187988
-16.44015597 -18.73648492 39.40279351
-16.21749598 -11.06187878 40.80720253
-14.80511412 -3.06401177 40.23429031
-11.45231197 1.13551997 41.30472454
-7.56734431 4.55405965 36.96961234
-3.49048472 5.55366911 31.14645555
-2.54334874 6.32652878 29.39901868
0.66906830 6.92709646 28.34062809
0.23576963 6.21862401 25.80133828
2.30419937 3.99330291 23.82168789
3.23723826 4.29211545 23.59689115
6.58611448 5.54972350 20.29594548
2.99319311 5.99228729 20.26407622
6.78299664 6.02567958 19.53902244
6.07579899 8.10280661 19.05276801
7.28912251 9.58331126 19.06468089
7.95592228 10.71505996 20.29079303
9.45515705 12.57043115 21.69725636
9.96029096 15.63905764 22.65838937
12.83183618 15.08517469 27.52681058
11.55330480 17.08321228 28.37484895
13.53507727 12.96523825 31.62053839
11.52283627 10.21552450 33.06054738
11.30667998 8.33692869 34.49377135
9.17605413 6.70323380 31.34891955
9.29809421 5.01681626 33.58533517
9.13339449 5.89212303 30.36772996
6.35215661 1.92743116 30.93148046
5.35050855 3.64189055 27.25442373
3.50090306 2.85950886 25.95963432
4.00089181 1.11024744 26.70137203
2.29407963 4.45641726 22.55093220
2.98600686 5.79114172 23.03734539
4.26415965 4.00113085 20.46425299
5.75298904 5.74554532 19.98335245
8.20826387 4.70093190 18.90098405
5.01081031 6.64676246 19.47378789
7.92878725 10.69887252 17.81797884
7.67397218 10.57085471 18.14841260
8.54272519 11.54341784 19.76813923
10.26564298 14.62143990 22.83107678
11.35583410 14.53620058 25.37851591
12.23088522 14.44715087 29.56284411
12.25430667 14.49178699 33.02551814
11.03286763 10.00288621 32.59725633
10.32206802 7.81430631 33.82577334
11.49823075 6.66171115 32.87214730
8.95045066 5.49500489 35.98334369
7.17584473 4.55942946 32.17663595
6.41695392 1.54311181 30.56050514
6.21355641 3.14403252 26.38733195
4.85917014 1.12716206 26.32207180
3.37654977 4.71718706 25.01502334
5.02471641 1.64586639 22.56407314
5.38194657 5.00487890 22.63870597
4.19708564 3.37023049 22.96787787
4.93094972 7.33640143 18.04849990
5.53706045 6.58415779 16.96712046
5.97397289 5.74058859 16.55231085
6.03521502 7.58991428 19.12026250
6.91923058 10.78898994 18.61040044
8.00074136 12.75182928 18.00023623
7.48322434 13.39527332 19.80508086
10.98251633 15.11149315 21.17937347
10.11455304 17.18932994 26.45081449
11.92035521 16.06756210 28.60037746
14.65561990 12.78098925 31.93039582
14.06565942 10.51112064 35.47499777
13.95616885 8.73373080 35.59367541
10.70006268 7.13766403 35.16274553
8.03312302 5.49151576 34.20818623
7.26602102 2.94808143 33.10337837
6.08023392 1.72704910 32.01077787
4.84718464 1.87089312 28.67968551
5.06002050 0.24059805 26.90572910
2.80949297 1.15826956 23.95606223
3.10502947 0.69343477 21.48565097
1.49304625 0.76942418 21.55191157
2.93083975 3.21184717 19.29478985
2.81054601 3.85498705 15.86902404
2.15806997 5.24788513 16.27282652
3.25011948 6.05588936 15.79303768
3.99383560 7.05430619 14.81006169
4.73645493 8.85432755 16.96776542
7.86835970 9.55736588 16.23504352
6.97091666 12.08789360 18.18993057
8.40660394 12.97032600 18.46438421
7.92476064 16.29263831 21.09768313
10.99080115 18.01728691 23.57170725
12.98943682 16.47771241 29.13475091
13.24057862 15.40278639 33.17357036
15.38068531 11.24719567 34.56625012
12.78754594 7.38387029 36.78517921
12.48339181 3.31051803 36.14965431
9.02781295 3.68149735 35.28979006
6.95922737 1.85699453 32.92672357
5.12506332 0.58238337 29.31029155
3.81702964 2.22379107 28.14833160
4.74241032 -0.34703767 25.24063575
-0.59360197 4.10747777 19.96238815
-0.71710036 0.43674756 20.99312745
0.61035544 1.25078793 21.19722424
1.26892420 0.82529334 16.47286217
1.93007324 2.08251627 17.07265914
1.75537664 2.91832462 17.73417147
1.13982157 2.36675131 13.99696520
2.86433169 5.11091790 13.72611081
3.26880017 3.93479392 11.45910501
2.78288437 4.91397933 14.20352096
4.29983575 4.64248041 11.67341872
4.34758594 7.74649406 11.53674319
4.60185982 9.18258888 13.28426488
7.32646546 10.96536095 13.51561235
8.39919883 13.61208483 13.70501428
10.31739246 20.57657343 17.11267933
14.02296790 18.91396444 23.08984488
11.74825900 18.06663600 27.67866518
13.97396940 16.81084651 31.99813797
14.17335643 13.05676001 38.69146641
13.69277198 8.01831140 38.42629435
11.44558868 3.47366692 41.00195898
7.13498250 0.44337418 36.54395574
5.07207532 -2.68974837 32.00643846
3.01507030 -2.25954543 29.39255838
4.80395338 -3.71378478 25.45935534
2.73604456 -3.29576947 24.32114313
-0.42843490 -3.72785411 24.78029711
-1.05185083 -3.84072397 24.63729215
-2.52455900 -1.25874295 21.32191153
-3.92233473 -1.96032947 18.73876599
-2.41183872 -2.06070812 17.17565418
-3.63614623 -3.95802787 15.30130228
-3.08836770 -3.83995798 17.97357849
-5.17874221 -7.80782936 14.62427639
-4.96511866 -5.89768151 16.75420122
-4.89690085 -8.43822292 15.86739465
-5.80746828 -9.93160648 12.64082792
-7.42758415 -12.80281953 15.06474209
-10.83118678 -16.65083928 17.52524174
-10.44625660 -19.43941307 21.63536327
-14.02139816 -19.41777650 26.47437231
-13.70436063 -16.76476121 35.31830544
-14.68616626 -13.55482252 34.82117219
-15.40501571 -11.35422904 38.29741344
-12.66726981 -6.72913523 38.68698223
-9.80804527 -3.12373364 36.54720813
-7.31671708 -0.82524086 34.23648884
-5.91248713 -0.84781887 30.17571673
-2.32823325 -0.67210035 29.02688158
-1.49261388 -0.06342656 27.24768296
-1.93307248 0.71033450 24.94407820
-0.22909701 -1.01955459 23.37033196
1.50630116 0.18626283 22.58477233
1.71353637 1.24946771 20.33808320
-1.62950979 -1.53631337 17.86067757
-1.26953398 -0.20329098 14.89983689
1.44098983 1.12958007 14.26642117
-1.32701518 -0.59371301 13.48385197
-1.66727100 -0.79595161 12.80658427
-0.76567085 1.21040954 10.96584800
0.14269384 -0.71646076 9.59329475
-0.60849953 0.72493307 8.45661814
-1.15022851 -0.11542712 7.16078261
-1.24779059 -1.15213075 8.06306624
-1.42872198 -0.45367519 6.10076132
-1.77969426 -1.01815299 6.19924176
1.23956357 -0.91495786 6.32816722
-1.24598973 -3.54096868 4.95716030
-1.09204146 -4.01113219 6.55601013
-3.26227983 -5.53571291 6.92544534
-4.05610131 -6.74788323 5.59326965
-6.12039260 -11.45193535 6.44649679
-9.97979534 -12.26005967 9.12858085
-10.82546528 -16.78327999 10.53434782
-13.87173920 -22.83145159 15.43502080
-17.09202828 -22.03526135 25.24301209
-18.12985848 -19.95589694 33.67260762
-16.15783585 -16.36669543 40.80382106
-16.63180157 -8.13129666 44.77035797
-12.57475197 -2.32640795 41.03948234
-9.69358557 0.51327862 41.52460865
-5.73209342 2.56408277 36.33100387
-4.38783359 5.98553227 33.43277839
-0.49467003 5.17780073 29.97210070
1.56702555 4.63634566 27.60192633
1.60594194 5.40858347 25.30307117
3.60275193 6.25006022 24.51664196
4.43844666 4.08719363 22.37530040
3.96516884 5.93518450 22.70689642
4.02073281 9.19553285 19.24436407
4.73209340 7.06315090 20.05377337
6.71706664 10.52785143 22.94839488
7.91278896 10.10062250 20.19921075
7.59639108 12.66351571 21.68015271
9.58040721 14.33941130 22.53553808
11.15295764 14.66622225 26.20506408
12.02179483 14.87627953 27.11719905
13.50001366 11.49954337 30.10346007
13.24385876 12.70733094 32.99087895
10.43602834 8.41600746 32.38748383
12.51528808 8.12631073 34.20789360
9.16712881 6.27497714 33.94728529
9.62001255 5.24494249 33.03924248
7.42643846 4.22886344 30.58874447
5.88472365 2.21982028 32.73709590
3.56980036 1.81209605 28.28059061
4.80448225 4.64062121 25.99740356
3.07980498 4.39680594 23.15944813
5.65763394 6.04747284 22.88971250
6.47054563 5.25302616 23.49259297
4.44050681 4.52017475 23.02755823
5.91167188 8.38694674 22.02343360
5.42988486 7.91645298 21.01499096
6.12495091 9.90529737 18.82645892
8.59007351 10.22269505 21.13640351
8.61911841 14.70000345 20.54599687
11.89593762 12.63868093 22.08172459
10.43305848 14.00585169 26.52839323
12.81663669 14.06342770 29.54952577
12.22923779 11.34901216 32.16088743
12.72768180 11.12146413 33.58022426
10.82098386 10.53578624 34.35599812
10.22600544 5.83350605 32.41631357
8.81641345 5.27684316 32.36624367
6.92194462 0.55655707 29.30582719
7.45318397 3.28386384 26.84439048
6.48234617 2.73268496 28.48977999
5.76332761 2.21757887 25.09033173
6.36670631 4.67355265 25.55664753
6.01682141 3.10463561 24.59266793
3.91147434 4.00273702 21.33882194
4.88117969 4.56517167 21.62634708
4.13611873 3.61853790 19.27143134
5.35285009 5.73253710 17.22602137
5.20425430 9.52490925 18.97489438
8.53421574 7.28610216 18.63948292
8.11187943 10.35586073 19.50413110
8.53328525 12.39466500 23.54797425
11.31747668 16.09917948 21.57542164
8.68553710 15.69208899 26.56605308
9.89527691 13.73338225 27.87054058
13.15333038 14.55711903 32.54954427
12.40419880 10.20483987 33.76629522
11.90623952 10.04055823 34.73100709
9.19600311 4.95717704 33.15067241
9.20757457 5.81189973 32.28773538
9.90371688 2.79668156 32.59211831
7.42297571 1.47734402 31.93694848
5.75100690 2.11728736 28.53383621
4.37969934 2.73363596 25.13770430
3.79291751 2.09520030 24.98033066
1.57466312 3.83905474 26.04006784
4.05345253 3.19037949 22.02533799
4.73764743 5.24466837 22.32647383
2.45054076 5.85181950 18.78000682
3.88091880 6.31802952 18.68472573
4.08312178 7.16289712 19.02792921
5.10237196 9.47531996 18.63189363
7.32891422 11.64207359 17.75754240
6.24635063 15.45837373 18.92427105
10.59792839 15.67283077 23.11040213
11.98870255 16.69291810 26.18279011
11.90266731 19.29474726 30.17079728
10.00553677 14.93987526 33.67280541
11.83390992 12.57286742 34.21492760
13.66347554 9.93652502 34.92594978
8.03464481 5.33010494 37.00257525
9.06115149 3.91421493 34.80006837
6.70069407 2.35069073 31.13526139
7.45027543 2.95367960 29.02982369
4.69925846 1.75721300 28.85194117
5.09870270 2.24477542 26.35429467
4.56507610 3.54272675 24.65429955
5.62770473 3.59468001 24.42015905
3.17877155 2.83035561 22.73729516
3.75524681 2.76892679 21.93780517
1.91903507 5.71184668 16.88216206
5.00332222 6.00183882 18.23023454
3.43140132 4.25442507 18.00560905
4.36398465 7.26180763 15.05682807
5.92704496 9.51845392 16.03456545
5.39660878 12.02360548 16.58502061
8.61507312 14.15008558 18.78448000
10.91635089 15.37686894 22.89508231
11.64320536 16.76412138 26.65232518
10.81018905 16.24558722 27.27191835
13.11344708 14.11654808 32.37270660
14.15377262 12.17917139 35.18006797
10.79922839 9.44226099 36.59492031
10.35352241 6.28581209 36.49512527
10.68324812 1.46291965 35.17839758
8.18238748 1.54764744 35.06907853
6.70929290 1.35301545 31.87873145
7.00385944 0.41669424 27.35741672
4.55071794 0.44704321 27.61906456
3.96811981 1.67755190 25.86763552
5.96557046 0.24665771 23.32215398
2.43865928 0.03750851 22.67260604
1.62817919 1.99758742 20.11369218
2.92289603 4.00345303 18.59059798
3.08565768 5.67266158 17.23837592
2.43429696 5.48286163 13.68721640
2.57555658 4.12752663 15.12471861
6.98345631 6.79502742 14.04731978
5.57563327 8.96507267 13.54610720
5.58903309 10.84896638 16.95921433
8.76169569 13.42329994 17.11805393
9.29145982 14.18807028 18.75934157
10.92407539 17.13241993 21.43489490
13.62789821 18.44839019 26.75931040
12.45938478 17.88436058 32.58292334
14.82077623 13.26788859 34.30656918
16.20420870 9.64673603 37.87667405
12.65145245 2.48932947 38.91022650
9.65187626 1.82291062 34.07390826
7.19348672 0.01241105 33.57499288
5.34472901 -1.49564174 30.80420097
3.84133323 -0.44255912 28.70637948
2.53930985 -0.44932138 26.12846648
3.10244299 -3.17954622 24.87291086
-0.37743176 0.13563547 25.26034598
2.02041974 -0.88089683 20.92820952
0.54975153 1.11488096 20.06762688
1.33035927 -0.76167947 20.67835102
-0.28675283 1.21934383 16.42372042
2.42031362 1.06839652 17.70957626
2.43394900 2.07301619 14.52703316
2.24796116 2.14789861 15.56696024
-0.11314284 2.40716712 13.37247640
2.85767264 1.55472647 12.14816626
2.98057753 2.79303838 10.92200958
1.47979064 5.20741091 9.85544694
4.10639794 7.60028670 10.55995030
5.79073217 9.35241278 11.92016022
7.53941976 13.65328077 12.12132831
9.19033563 15.67040400 14.19154640
11.49321179 17.63717464 18.18360838
15.03207255 20.29079357 25.23533134
16.53794423 20.32960036 32.44607500
13.08809035 17.28873197 36.30595799
15.16838598 13.45838953 39.71681782
13.56236942 4.39601944 41.44022083
8.92531894 0.54596960 40.83846065
7.66607648 -1.52661788 36.96335453
6.21780841 -3.33586356 30.99394779
1.46298602 -4.15531157 29.25410108
1.38690656 -5.26461230 25.82062668
-0.99506099 -3.91388011 24.61381340
-1.72082967 -4.49735363 24.86885716
0.03562705 -5.35805758 19.73952772
-2.58022349 -4.37993170 17.80768568
-2.09517680 -5.23799505 17.47867705
-4.97122516 -3.88304265 17.53068765
-1.50974768 -4.95603891 17.11964544
-3.48641714 -7.85079036 16.47603426
-5.22305288 -8.52769460 17.08167138
-5.40653765 -12.15691332 13.85890532
-8.56010241 -12.18307705 17.94149122
-7.14718064 -13.35207573 18.06635148
-10.41873665 -14.68079587 21.70080638
-12.07601699 -17.89023274 22.97838851
-13.76282626 -15.61296549 28.99445481
-14.67925545 -17.11379209 33.47844954
-13.19510951 -13.37515045 37.57146695
-12.68254958 -7.25309016 35.44758775
-10.39117579 -2.61399727 36.49299779
-9.09527587 -1.52575536 33.39542338
-6.60027744 -0.83543308 32.93109477
-5.75774617 -2.84706156 30.94949195
-1.57406984 -2.57150806 29.34929884
-4.55666741 -0.03138874 25.20458680
-0.90353859 -0.79912276 24.93515272
-0.26556678 -2.11165745 23.81585617
-2.42648935 -0.65062289 18.31199439
1.16686537 -1.05556640 19.49072975
-0.29313230 -0.51883300 18.53789594
-0.48008008 -1.84052442 15.79496016
-1.74830992 -1.19249456 13.36868842
-2.39298198 -3.28774019 15.08552851
-2.81492635 -4.43071532 11.73306066
-2.78175035 -4.10183185 12.35144133
-2.42224845 -8.18684060 12.25233909
-5.00326594 -5.45254454 13.51894701
-7.49788157 -10.96671140 12.66716763
-7.10833930 -13.75906262 14.21291839
-8.94909693 -16.19432504 18.16054001
-11.28599971 -16.62364640 23.52482835
-13.16759791 -18.49594398 30.45968269
-15.30095558 -19.24589961 31.88573756
-16.09559372 -11.72147940 38.15029624
-15.02345494 -8.74467411 38.24439469
-13.63063067 -3.56710488 39.92522680
-9.27024105 -2.14876415 35.52921748
-7.05084926 1.83600341 32.68931943
-5.14024835 1.28323991 29.95774069
-6.18390603 2.24944827 28.01350260
-2.91591317 1.56927434 26.37134185
0.37695995 4.26034262 24.48529527
-0.86056219 4.21541404 22.05256009
0.79513516 1.88193407 18.75269930
-0.65988117 2.10645760 19.49345739
2.83078630 1.84411972 17.14494295
1.27526157 3.94948704 17.43482583
2.03243514 2.63702828 14.19776569
4.77084966 3.12017347 12.14209843
4.20911833 5.55596102 13.03343192
2.89929033 4.93412736 14.15195779
3.41133798 7.03395380 12.50199319
4.75244532 7.19700292 12.13065120
7.00217565 12.29448537 12.28637581
7.85033229 16.26966439 16.72558546
9.74999155 17.92831116 16.39234277
13.79257659 20.74002807 21.05685928
13.96576826 18.73657424 28.29800834
17.73157443 18.14052765 31.37641548
15.65546850 12.97532826 39.48521263
16.23809756 8.17818177 40.66834401
12.57378977 4.53991558 40.39242213
10.41375262 0.28664739 37.62271712
5.96640013 -3.18795056 33.59846702
3.66728170 -3.71841103 29.63274832
3.31697381 -3.93307841 28.14985685
2.53506319 -1.55105393 24.98519959
0.50508777 0.34177470 24.60216790
-1.71090220 -0.47034798 23.18806163
-2.22928736 -4.24196577 22.47573361
-2.63658772 -0.14278037 19.57521407
-3.38750506 -0.95402869 18.76979380
-1.50542856 -4.48992039 16.00138663
-0.67740972 -3.48836455 14.58912264
-2.37286872 -2.50453831 14.67958943
-5.30880715 -4.16552785 12.86743252
-3.70970880 -7.58641772 13.08755286
-4.44826000 -6.70305723 11.34229513
-3.11760534 -12.24051924 11.77837841
-8.42259596 -11.97484490 14.65865681
-8.82455848 -12.94103229 16.58951714
-8.42563354 -17.18243629 17.64632834
-11.97376211 -19.68066730 24.32387402
-13.72233919 -18.02410931 28.64447038
-15.16527890 -15.71578019 34.76034003
-14.71887235 -10.81665126 40.15794147
-12.91150818 -5.94157122 40.58315922
-12.20981811 -1.49769771 39.33052892
-7.89199152 0.93092352 38.15405245
-7.70166635 1.78572630 31.93943580
-3.99932686 2.01166188 28.81929204
-2.47664762 1.61415342 26.64820172
-2.11536312 0.28598600 24.91709949
-0.74821541 0.33061335 20.40073404
-0.71446938 1.10423127 21.11510788
-0.83106821 1.84191373 19.05630689
0.21955235 3.45138187 19.32616616
-0.23894867 1.97165255 17.50038269
1.68537911 3.51472088 15.26012747
0.17802256 4.04289803 15.36997986
2.61688262 3.07750826 14.42803310
0.99408786 4.93611475 11.78641907
2.22736062 4.98742191 11.42960302
3.05376347 8.26738502 9.05548492
5.97767201 9.06755980 10.30044936
6.31137099 9.29200204 11.31789330
7.20273492 13.76353671 13.56681997
10.06487972 18.41352734 15.02224290
9.51282922 18.68849217 19.86583451
13.78082045 20.62565041 24.73859520
17.33187839 19.38385488 32.68803085
15.78314895 13.87436770 37.98442363
14.77282226 10.01886080 40.40409725
13.15669457 2.49092549 39.59329786
10.74780120 -0.32084982 35.57654938
4.82994785 -0.10728922 33.50492429
2.86420027 -1.69223240 30.79928079
2.92285701 -2.65149215 28.00004302
0.74314179 -1.64702525 26.53249172
1.84809565 -2.37723632 26.11665621
-0.63974987 -2.40103523 23.58771645
-3.08514632 -1.63235867 19.74152543
-2.79820970 -3.50782515 20.17937645
-4.83050390 -2.62936825 18.70040376
-2.16474461 -3.44481482 15.70216822
-2.46955522 -5.53701928 16.48358684
-3.11191116 -5.47958945 14.40636933
-2.19831485 -3.62960578 12.23757102
-2.71924569 -6.45621955 13.98313852
-5.18358435 -10.31066447 13.74657766
-8.50303735 -12.50224612 13.56801717
-6.85020944 -13.14959615 15.20960858
-8.61453412 -13.64339268 16.81978739
-10.82094743 -17.96194883 21.97520377
-12.15481285 -17.06931926 26.19703459
-15.64167200 -17.27645228 31.51710533
-12.70856149 -14.05104409 36.35074995
-15.23360974 -11.59851055 37.01698611
-11.70812247 -4.50129297 37.50589534
-12.16196767 -2.33215315 34.28413026
-8.76867537 1.20708071 34.75474347
-3.91200202 0.25872156 30.18271565
-3.91634139 1.65149173 29.04653845
-1.42442714 1.83036371 27.14834022
-1.05049471 1.16039291 25.33197667
-0.78646790 1.60827606 21.30901025
1.28200008 0.63167442 20.93487703
-0.12277891 0.17638580 21.40650722
-1.67832562 2.86336654 20.02102914
-0.45204680 2.28572714 17.72012444
1.16099169 0.22154812 15.85086739
1.05049083 1.89046709 13.02741659
-0.88343849 0.80440477 13.95181954
0.36089153 0.77047978 11.86410008
0.83513203 4.03222947 11.87348358
1.58301625 1.58307696 9.77249272
1.05128876 5.91629249 9.77385323
2.67519475 5.91293462 9.91132220
3.64665163 7.97454939 10.12292878
6.54371801 11.32241791 11.03359073
8.33578271 14.45605760 11.56408293
9.40176268 16.11189410 13.65515453
11.48636960 20.56604935 21.36326329
14.21349340 21.13118912 28.71236238
14.81966102 18.31147830 33.35544971
14.93469037 15.31918837 36.93951363
14.20731266 10.84552822 40.25543301
12.20412717 5.42448049 41.38840942
8.69141250 0.47283092 39.80113424
7.04363140 -4.01127433 33.60761224
4.92276150 -2.94044974 31.56271952
0.45181648 -2.62698116 29.18019764
0.47087763 -2.76044998 27.70117064
-0.88345770 -2.66613331 24.23743385
-1.08834711 -3.14447410 20.90893487
-2.23324643 -3.81974058 21.83409576
-4.33919438 -4.97870475 21.21323829
-4.57358551 -7.26410289 18.54151183
-3.69370983 -5.19160196 18.30061368
-3.23793574 -6.47677046 16.70062087
-7.52564013 -7.37121484 15.84758512
-5.62040707 -11.24120956 18.00904157
-5.82000345 -10.56464628 18.01402649
-8.53240882 -10.74536529 19.70564980
-9.29722197 -14.89917733 23.24712559
-12.28950151 -16.18314813 23.34543592
-12.90723017 -15.91743941 27.56606560
-15.23610201 -12.29439648 32.32682041
-16.03817659 -13.44755879 34.27123487
-11.86140083 -8.93817705 37.26725615
-12.50429115 -6.75839392 35.97423962
-10.19031036 -3.90885931 33.75223549
-9.35009849 -1.65404032 32.81316630
-7.64532325 0.86461320 30.67707719
-4.83666736 1.69883371 29.54150595
-4.42605565 -0.01381474 26.66549712
-2.40756651 -1.31470441 24.80617446
-1.88645308 1.78990006 22.79893194
-1.92619568 -2.26447881 20.53217244
-1.85923178 -2.80986201 18.49388128
-0.47836153 -4.91657762 18.34810430
-3.63018035 -1.70374929 16.50538308
-2.96836753 -3.14228115 17.87307115
-2.25350247 -2.44237724 16.81581688
-2.69132747 -8.31134341 15.48446446
-6.49274605 -6.44828211 15.04404081
-6.36182717 -10.05720792 14.79613230
-5.93450515 -11.62342404 14.54440038
-8.51960824 -16.96792907 17.86164210
-10.74290223 -15.25173018 21.47697149
-12.89266585 -17.11941697 26.03194239
-14.43631378 -17.55114492 31.12714381
-14.26304233 -13.83029958 36.02892252
-14.27470771 -11.66055095 36.72773895
-12.66459173 -7.18554658 37.34028560
-10.47660663 -3.55483078 38.43588240
-9.22560025 -2.91598240 35.37478412
-5.83272820 1.42896281 31.50467735
-1.13454526 2.22778402 29.31489109
-4.87308057 -0.15820568 26.95137843
-1.83741750 0.86674620 25.04328731
-2.26107934 0.06493197 23.54203201
-0.47413590 0.56903194 24.25599411
-0.63674645 -0.69973988 19.98167118
0.28797705 -1.15754103 18.99983970
0.77514551 0.88016910 14.68602509
-0.25963418 -0.55689676 14.74106880
0.53939541 1.73378628 15.48950248
-3.29189745 -0.89847365 13.34139510
0.91989131 -2.30279592 6.65760588
-0.59661673 -0.13371763 11.72275438
-0.19719685 -1.55097648 12.42471158
-3.10043721 -2.16674207 7.38431685
-3.02167906 -2.36216642 10.59483165
-2.71960717 -6.04398987 5.52728879
-3.70970591 -7.16387455 9.81290795
-4.78267109 -9.46699858 9.15281421
-5.44362493 -13.77319725 7.50504906
-10.34682092 -15.77894826 12.56178252
-9.61999602 -17.19177033 17.39141102
-13.07726449 -21.14861132 22.12695219
-15.65794535 -23.55801911 29.86571916
-18.14507484 -20.51118557 35.93954412
-15.93281061 -10.79506346 39.09810146
-17.10375505 -5.99569602 43.02841701
-10.90625208 -1.37557291 42.46762030
-9.84732306 2.29484328 38.23813487
-5.22539548 2.23233608 30.88640405
-2.81825718 6.21797129 28.33143637
0.41556885 3.86913650 26.53106607
0.33321334 5.86141047 23.54768677
0.80078815 4.34005126 23.53542309
1.67260948 6.24742466 22.38149841
4.16504508 5.02657744 18.92610746
3.93154837 6.22447825 20.38064489
3.49762552 6.74138187 19.26896969
4.35354174 7.78686754 17.38019060
3.72818764 8.81531637 17.40792755
6.81024053 9.55665115 15.46665326
5.59688730 14.04968879 18.14670996
9.65310211 12.39004891 19.97521927
10.25899413 15.16603600 22.55825858
14.25168996 15.99864768 25.89828989
11.53413805 16.08964671 29.66492370
12.96765978 13.42950782 32.04929585
14.98554429 11.82602012 35.06759140
13.62149758 8.09112183 37.10182340
10.10806228 3.64658238 35.41585319
9.24663891 3.28614871 34.38490174
7.33107102 0.58534121 31.62440906
6.23158258 -0.65915020 28.93809487
4.00456173 1.45191879 28.29431143
3.84609192 1.98192639 25.10327547
1.57869282 2.42198817 24.40795368
2.97334858 2.86402280 22.36284465
3.29706939 0.46690707 20.45465923
2.69912626 1.79165279 19.05417623
1.34730510 6.52073182 17.63762511
4.58789517 3.78346260 15.29678753
4.38662587 6.81808588 16.94806185
3.92914414 6.57352026 16.55863436
5.30015652 9.14293642 17.25019820
5.19754929 10.09610369 16.28196396
6.84981415 13.35441110 20.28621079
9.02261426 14.90834061 19.77822941
12.49976946 15.79938298 22.40090021
11.83277162 15.56247553 26.13629676
14.12376261 16.02089754 29.26022893
13.22844800 11.71018713 36.30176085
13.47653322 10.36255315 37.97485663
11.62795826 9.54150264 37.37868675
10.99148200 4.91428265 34.56669787
7.30397992 2.26663262 35.55751965
4.38764411 0.47169821 30.68996632
3.18369613 -1.97410313 28.42161555
2.92746883 -1.11110063 28.20499901
1.34085926 2.12815245 25.34712706
2.50434391 -0.12018110 25.43898291
1.36370128 0.28185864 21.50565975
4.42870117 1.24205457 19.17524308
-0.10295371 0.97673988 17.41465158
2.14652014 1.12502694 14.58173929
0.95667318 3.32239991 15.14930999
2.14836396 3.13488429 15.87764084
3.38042486 4.46475985 14.59623535
1.49011083 5.99456015 13.68982212
5.23722819 9.29147140 12.54109927
8.30515462 10.35275414 14.54622410
7.19782891 12.87112409 16.73929617
9.64264171 16.26693230 18.37030524
12.36011492 17.41104952 21.75216546
12.96795095 18.31097151 25.37003377
13.71132511 18.11855396 32.64477786
12.46691326 15.23678363 32.55541291
14.87224113 9.97017103 38.87607741
12.28976474 5.56943025 41.61765233
9.05517119 1.11781731 35.11327235
7.82586646 -1.00130357 33.81252799
4.73675863 -0.13363416 31.25302167
3.13809020 -0.70777092 28.31011678
2.97989113 -0.57635077 27.75800708
0.17476751 -0.43367030 25.27839229
2.11754901 -0.54266917 23.10288477
-0.98169745 0.42740094 22.08773852
-0.44978802 0.81260473 19.55003999
2.12603113 0.68213728 21.77104554
1.12041551 -0.59436157 16.82975580
-0.15398095 1.24497903 15.47787821
-1.39033137 -0.34515636 11.79913931
-1.01135102 0.08278148 12.12149094
-0.59078472 -0.52364295 13.12128944
-0.86331275 -1.12527982 9.36379376
-1.22442817 -2.69284787 7.47413855
-1.41103798 -1.57354585 9.34792923
-2.11753860 0.13702517 10.26899590
-3.90992705 -4.84836535 8.42432323
-3.61978261 -5.70397756 7.75063344
-3.14997362 -8.33557075 6.27541298
-6.90721372 -10.80006213 9.34455310
-7.58104440 -11.70597425 11.05272108
-10.19434233 -17.83802803 10.99833391
-11.66473124 -21.09558205 18.83608612
-14.76514953 -24.32439676 25.53655325
-14.81696056 -22.44032511 33.84822019
-16.44254667 -18.74764831 39.98162169
-17.44376264 -8.98399526 43.31828640
-12.88984251 0.21359382 42.85059584
-10.95573948 1.06357193 40.19351950
-7.38815171 1.81059961 33.49854054
-3.68407893 5.65064629 30.17861988
-2.22787930 3.81111508 28.28884576
0.80766590 5.97076005 26.85640715
0.21712993 4.00630203 25.45332581
1.38873681 3.79485199 23.72341988
1.99760202 4.59125889 23.23508034
2.75112262 6.21082156 22.05840290
5.12951051 5.67581380 18.72853373
5.19933086 6.14449084 19.22260768
7.13384132 7.57426788 17.61513415
8.86912258 7.77847415 18.30624367
5.97430514 11.38750884 19.36390616
8.66989249 10.57838496 16.08073385
8.33763148 13.69270154 24.93403625
10.15746431 16.03695410 25.44456829
11.27915390 15.46563489 27.38283557
11.42850787 14.92018664 33.25168061
11.54552383 11.87862407 32.99376779
11.98404786 10.87943459 34.77150858
9.88455325 8.12329921 34.32998349
10.58056784 5.31088019 36.02569053
7.21821831 4.35458003 32.34975710
9.97056340 3.23002391 30.72709397
5.25421786 1.57889816 30.02678175
4.92583111 0.45909304 27.51318543
2.75873730 2.69336359 24.95798341
5.49050641 3.19236698 24.64957834
4.53463621 4.28511012 24.98875013
3.72493496 2.43823229 21.06489041
2.19130154 3.46253407 19.60769420
4.19767078 5.86160381 18.69056555
3.14022014 6.15354508 19.20439447
6.68638613 5.23922315 16.39120175
6.76110881 9.57723070 16.70754005
7.13503289 8.79768780 15.92084835
5.87164924 12.11981313 17.67840853
8.89072094 16.83820519 20.71666820
12.11818751 18.38828868 24.47831452
13.89523189 14.84715601 30.39798746
14.35287776 14.51466309 32.67106277
11.48708258 12.19188145 33.65360409
12.82761661 11.09725894 35.16753490
12.29975885 5.40569653 37.42188535
7.69249214 2.93357876 35.97842258
7.58735636 3.80698720 32.51952260
6.33556974 0.65005805 29.89898999
4.28809397 1.59318641 29.48862106
1.77719851 -0.81082716 24.96167667
2.68195008 1.08697464 24.74041458
2.23030551 -0.44584146 25.47230591
2.19969917 0.78271631 21.32164559
1.69971789 3.61628353 18.63178923
2.08393867 3.26574303 18.72549447
2.82701943 3.62926160 16.50624744
3.80686172 4.06273066 14.50241629
3.54581334 5.81971284 16.28976538
4.19247064 7.79414389 16.49030122
5.64557994 10.30972620 14.91300894
4.84335006 8.09695378 15.51474912
8.90461739 12.47530763 16.31854259
9.93573396 16.00351198 19.91632135
11.89104299 17.22294917 23.10281496
14.39623649 18.02689960 27.25237030
11.97171632 16.24927794 35.21639234
11.96869825 12.24433898 36.75602289
13.55217985 7.96858679 38.23801275
11.42235551 4.60562157 38.27377063
9.34171542 3.55630421 36.19435795
6.77371815 -0.20003295 32.33118459
6.13280292 -0.20969678 30.63152806
5.08252937 -0.05682135 27.73680973
3.57493462 1.79418797 26.45407862
1.98881531 -0.16280576 24.33139430
-0.76603963 1.77267957 21.55406754
2.16770931 2.42892079 18.68375445
2.57675702 1.08502699 18.91821314
2.03384334 1.25835491 17.16266267
0.39043883 1.55410015 13.80225142
2.31705853 2.05883126 15.47286017
2.62819087 3.78032553 15.02730384
3.68081158 3.69185579 16.06321515
1.39676001 4.45445859 11.84864106
2.72182330 3.99288353 11.15852526
4.76993322 5.71707477 10.15990868
4.84602372 11.36849415 11.69732685
5.09228367 11.21212529 12.33014979
8.47336901 13.28494304 12.90710348
10.55201507 18.92740195 16.64565558
12.37987003 19.67302879 19.17182704
14.53528556 20.84306251 28.58042486
15.15060646 18.15927269 33.09329181
17.27720754 13.66219379 38.46975996
13.62620634 7.72887795 38.73630687
11.42846819 1.27537963 38.77325370
9.11047400 -0.45404140 36.45441783
7.23216111 -1.73302844 33.70983875
2.48914270 -0.36437415 31.27370264
0.70758642 -2.49926377 29.97548118
-1.29280071 -5.27990354 27.14503569
0.09080713 -2.29139020 25.40198277
-1.95671633 1.11914249 24.21574083
-1.71577995 -1.36757484 21.52860100
-0.96495469 -3.75334021 19.17315921
-2.68684637 -2.25621131 19.03796371
-2.25709638 -4.57352871 17.79260856
-3.12281065 -6.03135895 16.34553929
-2.64499828 -6.01821196 13.09251190
-3.59297750 -6.86847155 13.31078752
-5.81057623 -10.94418854 13.90933427
-6.44541404 -11.96973976 15.49668560
-6.49350544 -13.08802519 15.80538390
-8.78873111 -15.70406351 19.50284637
-12.61699503 -16.82857363 23.13702658
-12.09044180 -19.60129958 27.45850960
-15.19592658 -16.29216604 32.37044833
-13.10169224 -16.03735099 34.13200817
-13.03658506 -8.67218092 38.34929942
-12.32899999 -8.37237373 37.50045860
-10.54994610 -4.15604858 34.92061983
-8.53868945 0.01639472 34.11106553
-5.37823987 2.56738177 33.38812475
-4.75793377 1.18647099 30.01616887
-2.82966001 1.45120411 29.44926660
-1.09448011 0.51807493 25.25222641
-1.99848563 -0.94489969 26.02999052
-1.69152357 -0.58085774 21.56022077
-1.92898009 -1.43238758 19.70401470
-1.64308588 -1.60600135 16.58877452
-2.38292046 0.34772942 18.01949237
0.42898135 -1.48095247 14.81162706
1.71105951 0.19039025 13.40878856
1.31811048 -1.76278206 14.63008931
-1.95444330 0.32722163 13.51886395
0.51845776 -0.78829727 12.58976732
1.12850105 1.29544906 10.10486690
-1.01054086 -0.32242990 9.70543800
-0.59566015 0.47216907 9.05931994
-2.97283234 -2.15737162 9.39313004
-0.71209717 -1.58588170 9.62500048
-2.38111780 -3.42666309 7.80551886
-1.41041388 -3.57919923 9.22684542
-3.88270693 -4.57779395 7.82294327
-2.36608940 -6.56305232 6.43964804
-2.90097042 -9.22751184 7.73807515
-6.05887367 -11.86533526 9.26456831
-8.10907702 -16.09484372 10.89524673
-11.31750227 -18.12086451 12.42684742
-11.96635659 -20.14524195 15.97597828
-15.15467319 -25.39364582 23.03470973
-18.44076841 -24.53336758 32.66461555
-17.28582828 -16.26184842 41.69132452
-17.40344869 -11.30762035 44.43732139
-15.51731941 -2.35751719 44.48677022
-11.21705705 3.13504757 40.75454822
-5.77989097 5.58873910 35.99338544
-3.03388143 3.83592958 32.45787738
-1.23930310 5.33283755 29.81319369
1.30702525 3.67639997 29.52581116
0.70840477 8.39275193 25.62313150
2.94109637 3.74414916 24.39865504
3.83999265 4.77613160 22.02054763
4.04501630 5.35452917 22.74761109
5.68498611 5.51631204 22.82502065
4.96071540 9.80438047 22.70639251
7.18627202 12.26650973 21.13899758
7.90130583 9.61045957 22.06754710
5.16805233 9.96591328 22.27800886
11.00554421 9.98644277 24.42851681
6.87897009 13.32889142 26.08813183
10.37991156 12.96665557 27.72093243
12.60767009 11.84378969 30.07334732
11.37732864 11.74503993 32.40643967
9.78369614 10.06411072 32.59727691
9.47663365 8.01715317 32.99225173
10.68058907 5.48592843 34.63062820
6.22738196 3.22787564 34.86787495
8.41495437 4.45243377 28.48037505
6.22803601 3.13981249 26.98496261
4.18660789 4.21220353 25.67807054
4.26492278 4.45512262 25.05404647
3.61680488 2.24520198 24.90131648
5.57268615 2.76368116 23.51831262
5.58279445 4.21462377 21.87734877
3.08931004 4.78688648 21.40135003
4.95567126 7.98226045 19.23738286
5.05229407 8.69433205 19.36191106
8.10578344 10.76367889 19.69135466
6.19835795 11.55448252 18.62667468
10.48220135 12.81192911 20.18434398
9.50694867 15.03828837 22.21525234
9.58733615 14.74579204 26.67303224
10.88841663 14.00579471 28.67710015
10.99481098 14.38045628 31.50324176
10.55155672 11.13424563 30.54468687
11.36836890 8.50881537 31.66910228
9.03364434 5.86758412 34.15340702
6.80687586 5.95303005 29.15710152
7.32132484 5.39995139 32.36973996
4.63066994 3.43112357 27.16780292
4.93933384 4.62054544 28.57946479
4.13315810 0.84197243 25.07060920
3.75063760 3.40149606 25.95825591
6.52325883 3.53094054 27.45658183
4.37658202 3.47638560 19.56103535
4.39862668 7.88925666 21.69770530
2.70240478 5.77362758 17.95049094
4.40567239 6.44913049 19.76101303
5.91054661 8.07455585 18.64495569
5.43793395 7.18519789 19.41299861
8.56461369 10.12281311 18.56851119
7.10321785 13.62364830 21.87977741
9.55533082 13.07836347 21.14861210
10.29189589 13.79117745 26.98424295
12.08229813 16.30201854 28.23971459
11.83892265 15.13664537 29.77045749
12.20259658 12.19425495 35.21683747
11.70264348 8.36010053 34.61374869
10.07432332 6.18439461 36.91239263
9.80519693 3.49247853 34.95287734
8.08653101 1.89917588 30.92177264
6.42592285 1.15047693 29.82585502
5.04004596 1.45862334 28.18278868
5.64683944 1.15279064 28.08767639
4.06116937 0.80085825 25.18187755
3.66609230 3.46681609 23.39355555
3.93274764 4.10292818 21.57018390
5.72530399 6.37914856 20.53441476
2.78949697 4.55694493 21.03499477
5.44922870 6.73755390 18.55336044
3.16936326 8.01248457 17.70203518
6.28880737 8.78395493 17.47406841
8.64880683 11.40215669 17.88445375
8.64559033 13.41462566 17.98429335
9.57693968 14.29139674 20.70777922
10.11408178 14.82982967 26.01061174
11.91814146 14.87152540 27.21284637
12.09841954 12.76576712 31.34230444
11.93598336 11.31118003 30.07379051
11.94912070 9.10937547 35.13080690
11.43127414 5.77287688 34.69500153
8.97031208 5.26746524 33.58685635
7.40130773 4.64266679 32.77353780
5.30510331 1.08203109 30.03030197
5.92147343 2.13832035 25.93923892
5.22765236 0.54005042 27.69836427
4.19653356 1.65365272 25.09021186
4.53680684 1.63166673 22.82194742
3.35549212 3.57733245 20.62126064
3.71314467 2.61321302 18.61974972
3.72849537 5.48024443 19.49466321
3.58026329 4.57627574 20.43460716
3.41058469 4.98606029 17.60800966
8.30659077 5.01237921 14.52740548
