# Lorenz after GHKSS (embed=6, delay=1, qdim=3, minn=60, iterations=3); columns: x y z
-2.47770782 -4.92765892 17.58664983
-4.65243911 -5.98320835 17.59053700
-3.43840297 -5.87649188 16.21052849
-4.14793474 -7.68587063 17.30658058
-6.80122087 -10.36307397 16.61652471
-7.54233958 -10.99459519 16.44536123
-8.19104380 -13.73392798 17.94371304
-10.17004767 -16.26939595 21.14021902
-12.02074271 -16.75130673 24.10636335
-13.79464648 -17.03445870 29.46279911
-13.91930343 -16.34265925 33.67207344
-13.86684167 -11.26604797 36.65144071
-13.13354460 -7.89264337 37.87586864
-10.76040889 -4.58816814 37.97226845
-9.29040995 -0.97689417 35.36104937
-7.73426625 -0.10072658 32.70774964
-5.22737088 0.45955786 31.25696160
-4.46866018 -0.02036561 28.67028476
-2.49136816 0.47693009 25.92605000
-2.18768415 0.14273260 23.94460657
-1.80693335 -0.64549446 21.93671230
-1.80310606 -1.31163739 20.17640723
-0.66506430 -1.18262552 17.44027768
-1.40800900 -1.70423479 15.89801502
-1.67477039 -2.67699300 14.91821830
-1.76554064 -3.15050527 13.74435926
-1.52432564 -2.46513343 12.85921823
-1.87962822 -4.79847967 12.74524121
-2.28038666 -4.02619328 11.76501495
-2.89615331 -5.63618164 11.48479598
-2.98525366 -6.41266185 10.66070306
-5.19570174 -9.37308938 11.26699769
-6.79150179 -11.33024294 12.65423453
-8.65579915 -14.53021034 14.45001141
-9.67006764 -17.28236362 16.91284411
-11.88895635 -19.14117387 22.38633099
-14.42188288 -20.16361916 29.36315681
-15.76984742 -17.05870060 34.43065662
-15.86159349 -13.69666397 38.37436525
-13.92848047 -7.37348309 40.15917090
-11.39944678 -2.07409133 39.19523501
-8.87979671 0.79209477 36.38459859
-6.53619226 3.24463229 32.98065111
-3.82350292 2.48431090 29.33963447
-2.03565927 2.15411625 27.18044917
-0.65831391 2.14238174 25.51032493
0.53492962 2.96432317 23.56505975
0.78441850 2.59920083 21.51897309
1.39755749 2.47703160 20.10688837
1.70319339 2.30949357 18.79235572
2.16914750 3.73412670 18.02692663
2.68262926 3.29038618 16.38798878
2.11088933 5.35350375 15.88401521
3.22368242 7.16257855 14.75250991
3.87623822 6.96564350 14.92097157
4.68829577 8.60379517 14.76657845
5.97600525 9.90796698 15.65946107
8.17095398 11.42085559 16.45073826
8.55814403 14.54283445 18.40227353
11.37977470 16.29177693 20.99135798
11.93535492 17.31731448 25.66432278
13.51338281 18.34456359 31.05657768
14.41307073 15.13564783 34.41101209
14.51135923 11.15117336 37.39158906
13.20022190 6.29419603 38.40130576
10.78791493 2.54660615 37.36293260
7.77401419 0.84133828 34.06671600
5.41155495 -0.91642786 31.46176600
4.18455514 -1.26135792 28.94714752
2.50648405 -1.37106609 25.65770666
0.91484769 -1.30003611 24.51026707
0.09144288 -1.58272279 22.66109972
-0.18644058 -1.57112807 20.80010168
0.32562334 -0.51719282 19.85755720
-0.08355124 -0.23058720 16.89885712
0.22458174 -0.82747140 15.55542138
-0.38037671 -0.11578634 13.18249764
-0.07566734 0.10084378 13.32268951
0.11839709 -1.08115620 12.32438886
-0.23623976 -0.26921239 11.40581755
0.04885753 0.47889500 11.52437839
-0.44590907 0.55361026 10.86536558
-0.24350015 -0.20145910 9.70986555
-0.09664841 0.67969947 8.74460221
-0.36480721 1.29192402 8.82234202
0.47945494 1.20701521 7.78573402
0.23101125 1.10542547 6.99000004
0.72319081 1.32269053 5.96886080
1.19923067 1.70703340 6.05056404
1.52155514 3.00669852 6.14029005
2.01150693 3.54777325 6.61932741
2.24074634 4.94003712 5.57062781
2.85484174 6.29158253 5.24123246
4.15134728 8.95289026 5.50702882
4.93810509 11.94334363 7.19366178
7.19638112 16.24137294 8.21157846
9.99410153 20.39084152 13.01743091
13.42391019 22.69367064 19.66745373
16.68414174 22.96682706 28.30710096
17.45610302 21.90520540 36.98723108
17.62375991 14.45409642 43.05495381
16.65432302 4.85826810 44.50709729
12.09316797 -1.67263856 42.18351585
8.17663648 -4.56086656 39.27632434
3.70687251 -6.38741391 34.21955309
1.09562670 -6.82995156 31.28288290
-1.31665073 -5.63439961 27.55611893
-2.54206024 -6.62655013 27.29210678
-3.08727316 -6.57316789 25.83016370
-5.03115246 -6.31257679 23.90149256
-4.77553028 -6.54791681 23.05395063
-5.44427270 -7.16392511 22.57099507
-6.54563648 -7.84736587 21.50240940
-7.64617573 -9.14133635 21.95221386
-7.64363729 -9.90916391 21.77727161
-8.66260122 -11.28781632 22.61977128
-9.06665039 -11.89388733 24.77989520
-9.92796791 -12.35147244 26.40349621
-9.86792489 -12.36073625 27.19436887
-11.10921303 -11.43063226 29.10340747
-11.64989874 -10.56706151 30.64099905
-10.84651541 -9.31804854 32.34118178
-10.41299880 -8.13180099 31.99238473
-8.89724545 -6.05873845 32.47858034
-8.10298141 -4.87137651 31.75098774
-7.42183089 -3.87078869 29.92725082
-6.09883972 -2.84882315 29.25770643
-6.50951642 -3.98514718 26.84548579
-5.89965765 -3.69745838 25.39914259
-5.87935277 -3.84079126 23.55706099
-5.39769206 -4.87408590 23.30035362
-6.14569682 -4.65444831 21.53405341
-5.44676814 -7.07078846 21.42974564
-6.19650043 -7.62838566 20.94692204
-7.36799948 -9.20735616 20.43646643
-7.68423741 -9.96060258 20.94829930
-7.74608837 -10.75594425 22.77056792
-8.53824638 -11.66547959 23.29260487
-9.09795816 -12.99126374 24.55539881
-9.44202758 -12.64102459 27.45027286
-11.22738868 -12.97047906 29.05527461
-12.10206704 -11.79926301 32.60420582
-12.70475421 -8.52781069 32.54993446
-10.92599203 -7.83060578 32.91624839
-10.29955548 -6.45757198 33.64339630
-9.05368209 -5.02268215 31.02385381
-8.07884058 -4.46504149 30.85586341
-6.97978259 -3.14145451 30.64372105
-5.81482373 -3.81676449 27.88672473
-5.70113947 -3.97013463 25.14782504
-5.38167975 -4.32909058 24.26317863
-5.54849857 -4.28898366 23.90501177
-5.94202910 -5.81040174 22.17856181
-5.58809464 -6.73882804 20.75880471
-5.73786094 -6.99231189 20.36530726
-5.41137551 -8.03209147 20.16980318
-6.71642083 -9.35591070 20.47876450
-6.88352352 -11.30909720 21.40819294
-8.68479472 -11.56422388 22.41704610
-9.91833362 -13.13470156 23.72560772
-10.77925909 -13.61743154 25.03053083
-11.55234334 -13.94902283 27.34039876
-10.80903550 -12.02341516 31.04302726
-12.26439641 -10.49100534 31.48321353
-11.06857686 -8.59432338 33.06862340
-10.95507716 -6.24019042 33.20328549
-8.96884825 -4.11582479 31.80585097
-8.10296222 -5.27828901 30.74300776
-7.25738282 -4.04766283 29.81727125
-6.37107083 -3.87823487 28.51585672
-6.06438650 -4.06153057 27.18182355
-5.23219151 -4.42672784 25.58064058
-5.16629408 -4.28516893 23.82914813
-5.34278408 -5.15061115 22.09997062
-5.39694894 -4.86374482 20.59388270
-4.77316459 -5.91224412 19.93581100
-4.44843975 -6.70819585 19.92289737
-5.66983335 -7.87738272 19.41666118
-6.51516059 -9.20280097 18.08601418
-7.24504607 -11.18976873 19.32633045
-7.76583422 -11.21219701 21.69775976
-9.48391637 -13.59749400 23.04656056
-10.99830997 -15.59478240 24.62574578
-11.22207422 -15.01676251 29.50537504
-12.24769507 -14.25665028 31.02698901
-11.94916092 -11.53324500 33.61417187
-12.08561924 -9.09587499 34.79244775
-11.56286125 -6.57015313 34.06462701
-10.34106250 -3.47901395 32.87246387
-7.10584783 -2.79107379 33.07958482
-5.92511134 -2.36734552 30.87864164
-5.78353341 -3.18969686 28.87215440
-5.11741800 -3.20398846 26.80606560
-3.96674995 -3.14209713 24.16670860
-4.71586000 -3.55720840 23.61762742
-4.67927580 -5.34826407 21.12955460
-4.07165341 -5.18692737 20.34623757
-4.74194956 -5.90669319 18.35780579
-4.96542404 -7.15702661 17.52118755
-5.69593184 -8.90221313 18.41281325
-6.31404122 -10.25865494 17.92239502
-6.77494556 -11.67742023 18.24352403
-8.56915580 -12.86799649 21.04636427
-9.57158669 -13.80508371 24.10073273
-12.02991165 -14.54948715 26.00680025
-12.21920646 -15.24439491 28.23992792
-13.07854713 -13.87375313 31.71132217
-13.48997550 -11.37158919 34.29272127
-12.74949695 -8.70414843 35.68900473
-11.34749599 -6.43870853 34.99347989
-9.26035583 -3.68843457 34.11907184
-8.81410449 -2.05784207 32.51844240
-6.75129164 -1.31776888 30.95551398
-5.83845122 -0.89131105 28.74641136
-4.86070674 -2.36859534 26.82459811
-3.71052008 -2.37703928 25.92654086
-3.61981189 -3.04772927 24.16593245
-3.23420412 -3.87989383 22.42274981
-4.01515909 -5.03246007 22.03052056
-4.55828728 -6.28361521 19.79524489
-4.77254712 -6.28046048 19.88708537
-5.06480606 -7.94094599 19.04300550
-5.72352943 -8.61251328 20.42293086
-7.22015865 -10.49904664 18.38323331
-7.61077167 -12.04749306 19.55257527
-8.76088111 -13.02153401 21.41327418
-8.96235940 -14.64407117 23.71041853
-10.70821352 -15.28743829 27.36861347
-12.94301927 -13.82896668 29.19129082
-13.19432225 -13.11711184 33.15898060
-13.67282160 -10.65293241 35.11595839
-12.23101324 -8.35270103 35.68086278
-10.44430652 -5.86412548 34.41567124
-8.52328666 -2.54494139 34.43540097
-7.90493526 -2.62418194 32.50002104
-6.76457332 -2.39810798 30.26752267
-6.42569025 -1.72129469 28.03838160
-4.72155329 -1.85576020 25.86094572
-4.62369648 -2.84958359 23.78947966
-3.93019888 -2.91077812 22.36282510
-3.85242277 -2.56564359 20.67153999
-3.52564920 -4.41932802 18.74016752
-4.45106595 -5.45227296 17.38208598
-4.67107529 -5.12805540 16.59188580
-3.33673569 -6.60378239 16.51754747
-5.68316067 -8.66945443 16.21378591
-6.63351997 -10.72276444 16.33959252
-6.06936839 -11.90200074 17.20724183
-6.85856711 -13.39539839 18.73153545
-10.23790891 -14.10883934 21.93656419
-11.40448919 -16.68712329 24.09450505
-12.37058541 -16.49321045 27.62918924
-12.63606399 -14.58107299 32.26905895
-14.04212084 -13.53066047 34.01693468
-13.20120645 -8.73628353 35.95875985
-11.23086685 -6.52116540 36.51596766
-9.58034644 -3.12481085 33.74810116
-8.12085233 -1.47502000 33.45498320
-6.11277113 -0.29130973 31.42563826
-5.58013049 -0.42163089 28.35681202
-3.85115163 -1.90906543 26.59762654
-3.05982337 -1.07820800 25.04186621
-2.25355445 -1.00747060 22.13480697
-2.42753653 -1.69060118 21.17385562
-1.83048323 -1.92015135 18.84299712
-1.69605107 -2.22581163 17.53906508
-2.38138372 -2.96522848 15.93159463
-2.53148096 -4.16827580 15.55268159
-2.90073003 -5.93987002 15.20510816
-3.62946635 -6.27704662 14.11709641
-4.80466104 -7.41363911 13.32098537
-5.23737248 -9.94798646 13.47860727
-6.72835301 -11.29980816 14.99037242
-7.22924287 -13.67914433 17.50748496
-9.32292895 -16.40596270 19.75075392
-11.66586230 -19.73061684 23.33643618
-13.98685679 -18.84075152 28.92511238
-15.11100450 -15.23240416 33.22959895
-13.98685133 -12.85563945 36.97416530
-13.41329357 -8.98080785 38.14645732
-11.29726695 -3.52269230 38.35287757
-10.21460281 -1.13892473 34.11791205
-6.49478078 1.14196483 33.19807672
-4.64703555 1.45397299 30.11834922
-3.67473832 1.78919092 27.62365694
-2.20920159 1.47088534 26.68904735
-1.14105572 1.63316302 23.28352775
-0.74237697 2.12290011 21.30839089
-0.47216730 1.18245306 19.81532669
-0.13432856 -0.32152230 18.67199799
-0.12445821 0.91529510 16.72653282
0.18979337 1.30485445 14.67462526
0.80618501 1.24357731 13.80282296
-1.21819131 0.63992505 13.73285582
0.11702563 1.59933983 12.25013087
0.40629369 1.54584882 11.61338320
0.30842357 2.35340882 10.55828339
0.02001757 0.56519808 9.68521857
-0.32184055 1.09953980 9.95510682
0.82445351 1.53409059 8.53798541
1.81758965 1.81772516 7.85033825
0.70606923 2.38912496 8.05711073
2.57295467 2.67321965 6.89695982
2.91060969 5.73675469 6.79125882
4.01750963 8.26736446 7.14465107
4.91828417 10.68625395 7.98252630
7.01827324 15.44644889 9.49734195
10.20249396 18.13384897 13.34276705
12.63727694 22.05056922 17.41766967
16.02905750 22.92651321 23.58601407
17.38604900 22.14274416 33.56343667
17.75353892 17.30276395 40.02196798
17.51502013 10.40205863 43.40012897
14.25385328 2.41699973 43.13887343
10.38323395 -2.03839049 39.65494542
6.23415717 -4.20335639 35.72686134
3.29292375 -5.23684501 32.39163531
0.77737120 -4.66335366 28.94452774
-0.08117711 -3.53534903 26.57696191
-2.24780960 -4.69662495 26.76874896
-2.30621891 -4.58050775 23.18251566
-3.34795703 -4.35440653 21.99980226
-3.52965068 -5.32901646 19.90012231
-4.49490998 -6.99964593 19.96917964
-4.70228716 -9.63818838 18.73315122
-6.04043785 -9.35909391 18.99337700
-7.96887252 -12.03787523 20.28891425
-8.17707079 -11.17726606 21.34509862
-9.88351353 -13.24609791 23.00597049
-10.71320885 -13.70159147 24.00873425
-10.72530316 -14.76958544 28.73112666
-11.96704677 -14.51476685 29.60166357
-12.84363559 -11.92328729 33.61860836
-12.81766482 -9.80791123 34.70261590
-11.20325565 -7.22937056 34.80354221
-10.53705042 -4.65166335 33.41400632
-8.75460312 -1.68464622 32.32503466
-6.86965383 -1.94356815 30.35774511
-5.37709007 -1.93113726 28.64353643
-4.87921872 -2.07768514 26.41216771
-5.80483231 -1.95476185 23.65003853
-4.22707075 -3.56893542 23.63481678
-4.09324722 -5.22062986 21.74064439
-3.97812656 -4.81839713 20.23396616
-3.76794031 -5.36659024 19.34824324
-5.79947132 -7.12757159 19.18156807
-5.68617578 -7.92989472 17.95112834
-5.63318490 -9.47472072 17.33259412
-7.60231044 -9.45860999 19.09648119
-6.98915088 -11.25866586 20.34782516
-8.67238863 -12.57431643 21.27056974
-9.60799400 -13.68241695 22.84916603
-11.27174605 -14.48629999 26.12768417
-11.68873705 -14.38367234 28.08845582
-12.00668049 -13.78779411 31.51513310
-12.54528381 -12.01894989 33.74369422
-11.86260591 -8.09214566 35.29679316
-10.53845734 -5.34179819 34.24853201
-9.40669234 -2.58724635 32.93161812
-7.32495923 -1.25848590 32.42464671
-5.90881199 -0.80907196 29.55048675
-4.64829664 -2.08227972 27.50530038
-3.56173089 -2.01716319 25.20542286
-4.02912365 -2.03710306 23.26816624
-3.64728550 -1.68703333 20.59585946
-2.98740628 -3.18705706 20.87252066
-4.15870898 -4.06633480 19.49629651
-4.49574131 -5.67330135 18.26583953
-4.34738158 -6.98790755 17.60206494
-4.76828370 -7.50696990 18.11535329
-6.14412874 -10.17340898 16.75685583
-6.33025804 -11.19322228 17.73538777
-7.59470573 -12.52233764 18.89084730
-8.86814271 -13.17675292 22.31632642
-10.39308347 -15.36068139 24.91806588
-10.86229931 -16.94796607 26.33242589
-12.97397032 -14.17485422 30.44277147
-14.09804855 -12.55788891 33.73453675
-11.89893006 -9.44636978 35.05389153
-11.59413121 -6.36129316 34.37349880
-9.48503015 -4.10767177 35.05912311
-7.43693516 -2.22617345 32.62403537
-7.33252877 -2.80909335 30.53301119
-6.01806204 -1.89580811 28.08996088
-5.24463309 -1.19462432 26.66838346
-4.42863536 -2.23176989 24.27921311
-3.49685467 -3.42540676 22.50238940
-3.16255975 -2.87631731 21.48278472
-3.35234513 -3.34357118 18.87106157
-4.24042995 -4.46136253 19.30613245
-4.87933545 -6.18144545 17.57414119
-4.15154202 -5.88180053 17.46469247
-4.95341669 -8.47426302 15.81843398
-5.35481290 -8.88303039 15.70822414
-6.14534373 -11.27899480 15.83680795
-7.44307203 -13.10364662 17.59792099
-8.65303606 -14.71701547 19.62456465
-10.69450985 -16.20754565 22.27501851
-12.13844374 -17.28874852 26.08134519
-13.82795155 -15.65953781 29.98448580
-13.89639199 -13.78509568 34.31968857
-13.27096467 -9.84132664 35.80845694
-11.57510858 -6.58534437 35.94439849
-10.28721514 -4.06848084 35.90345917
-8.09796736 -2.44856697 33.24601397
-6.75755561 -2.14566595 31.72127272
-5.52162532 -0.99374026 28.77894627
-4.08218016 -1.38644602 26.97510571
-4.53954746 -2.71987796 24.75083959
-3.63844422 -2.04852316 21.96838913
-3.35277703 -2.33728755 21.80363456
-3.61741788 -1.34960074 19.49011498
-2.59746299 -3.51297397 18.68522326
-1.94692135 -3.70296072 16.72389386
-2.64603547 -2.91400318 16.06453178
-2.82471085 -3.71841469 14.58060113
-2.87151234 -5.97922577 14.99213391
-3.49195035 -7.57456962 14.10715534
-5.10269162 -8.44478596 14.14128287
-5.61661760 -12.10814448 15.11963001
-7.28166053 -14.00920800 16.44050646
-9.57594057 -15.44320808 18.43795199
-11.61677615 -16.82779664 21.10758005
-13.87917610 -18.64613731 26.37175807
-14.89955664 -17.30945158 31.26229589
-14.93630192 -13.66647822 36.58798517
-13.73566819 -8.85507597 38.22127179
-11.36005690 -5.57669318 37.50617496
-10.75482823 -1.93209487 36.19987692
-7.73482292 0.79701007 32.88089626
-6.14507058 -0.02793928 31.10245570
-3.90645769 1.25255227 28.12601927
-2.94543305 0.31052142 27.06660086
-2.75296332 0.77481606 24.87377753
-0.89777494 0.31629139 23.84210179
-1.03242983 -0.10331237 21.45926910
-0.69831804 -0.11478156 19.27443907
-0.60711143 0.72814416 18.22730855
-0.26078917 1.24085116 15.54398268
0.40091181 0.78849246 14.20931330
0.21664726 1.15201766 13.66581950
0.64054133 1.64316115 11.19932854
0.91159834 1.21031692 11.34933621
1.42726512 2.21534922 10.18272383
0.93056217 2.72558158 10.05540062
0.72504278 4.27400471 8.81093345
2.34282224 3.33149201 9.06487133
2.38291742 4.60594039 8.52818879
3.70281896 6.50072784 8.85322708
4.34308340 8.50564850 8.52243656
5.49086121 10.58886831 8.97003630
7.61717670 14.01629169 10.76439892
10.54066067 18.12284931 13.13816129
13.41731104 20.41139070 18.55806143
15.18353368 22.05471952 26.08257926
16.57998972 21.00290150 35.04231043
17.57522267 16.74821860 39.74003713
15.97429075 8.81915741 42.84124377
13.69382842 1.15968817 42.13954523
9.59594739 -3.43063261 39.47606140
6.13800836 -5.20251363 35.74127767
2.53341993 -5.80791396 31.90333041
-0.00312733 -5.27933821 29.79453930
-1.71571837 -5.21636821 26.92164745
-2.31822831 -4.65308201 25.91047208
-2.78386655 -4.69518133 23.95000549
-3.12347985 -4.65806963 22.08016161
-2.71004803 -4.43477285 20.46149785
-3.54914830 -5.68775414 21.07443223
-5.16862616 -7.02607804 18.61813900
-5.23491474 -8.39958636 18.55783899
-6.32753139 -9.76651432 18.21198505
-7.30670769 -10.86656414 20.15969087
-8.34154462 -12.28752838 21.04772394
-9.48235173 -14.64548509 22.17980318
-11.17407254 -15.03372587 25.60771031
-11.77010204 -16.12175146 28.73206986
-13.38003241 -13.63822449 31.60227944
-13.02579806 -11.18660764 34.52807098
-10.85496416 -8.79655160 35.30865906
-10.77523798 -4.86875416 34.88209918
-8.66097446 -4.24027850 33.72784689
-7.77279018 -2.46022249 32.20085979
-6.12069562 -1.95302278 30.44179772
-5.41515474 -1.77802009 28.47927354
-4.54995075 -1.80034703 26.09202783
-4.20534776 -1.80645597 25.78123872
-3.23630403 -1.92011914 22.36611557
-3.70963236 -2.07200325 21.70023622
-2.96596582 -3.42739463 19.84742542
-2.87919334 -3.63556455 20.03232041
-3.47136865 -5.47945912 17.31712634
-4.36407311 -5.77008855 16.59613797
-4.61068798 -8.17429036 15.80841162
-5.83798353 -8.67071244 16.32016911
-6.51558160 -10.23054962 16.26084711
-8.98764277 -13.18743777 18.12445884
-9.93198559 -16.17382914 19.87333471
-12.21992362 -16.55044472 24.26129010
-13.52145236 -15.97503402 27.66418169
-13.00719962 -14.86563283 31.39229619
-13.10909344 -12.44640263 35.61126499
-13.34313696 -8.72039693 35.71485948
-12.25724587 -5.54482735 36.54322382
-11.35906390 -2.13718055 34.26535402
-7.90627822 -0.45664259 33.52721915
-4.79259086 0.05196102 31.14824239
-4.39470653 -0.41121645 27.92698339
-3.96738179 -0.28330708 25.82633236
-2.78162882 -1.21367958 24.66518452
-3.34428299 -1.75018730 22.22866738
-2.73738927 -1.11132676 20.78829693
-2.59902690 -2.47239588 20.35702530
-2.76297058 -2.72373755 17.92003105
-2.45310270 -3.76507494 17.31904001
-2.93985338 -4.92573699 16.61354396
-3.28170931 -5.64240011 15.88621801
-4.75335768 -6.47372926 14.88186447
-4.99648847 -8.73598766 14.77815339
-5.73691154 -12.14443973 14.53567873
-8.45493985 -13.51407071 16.33662426
-9.93614452 -14.58082533 19.67800026
-10.93141216 -17.23589815 23.16898410
-13.03698283 -18.43152068 27.81801539
-13.35800204 -14.89481119 32.95403721
-14.28576791 -12.37855333 34.99308486
-12.59068083 -9.07753084 37.08555712
-11.60583188 -5.39869172 36.86788240
-9.62954638 -1.82387975 34.90861536
-6.73747504 -0.83303813 34.00701219
-5.93548390 0.63765664 31.17829504
-4.69995293 0.67990018 28.61525938
-3.30824496 0.42698740 27.26287916
-2.18470564 0.11655659 23.57335822
-2.47938632 -0.34397719 22.22175343
-1.28531131 -0.24412900 20.75558632
-1.60546775 -1.58036345 18.51379706
-0.76989644 -2.25040295 17.54431625
-2.61304189 -1.19193381 15.41810266
-1.79651148 -1.38601640 15.09347257
-2.34607122 -2.00087166 14.26450091
-2.18645459 -2.54935919 12.98453454
-1.97875858 -3.62238286 10.80588000
-2.59642958 -3.92684627 10.67596258
-3.34252921 -5.78124141 11.03682358
-4.17886643 -7.61861007 10.55824640
-5.27819140 -9.95698382 9.50435032
-7.42534114 -11.25492285 12.58925537
-8.23802550 -16.03752229 14.19643140
-10.33473759 -17.89644103 17.35073388
-12.69230057 -21.14603987 23.45245921
-14.65225951 -20.37730851 29.22410341
-15.62116585 -17.77862026 35.35544707
-14.74859181 -13.72069465 39.89787933
-14.26333779 -6.67768100 41.62922487
-11.87373895 -2.28267483 40.38563345
-9.19855682 0.07299334 36.94376393
-6.48124048 3.17118809 33.39219975
-4.20664818 4.19714091 30.47619028
-2.38298346 4.25911810 27.13724480
-0.63322640 3.63072316 25.94576278
0.62603567 3.41305697 23.24410111
1.14496358 3.84720119 21.59928661
1.25290553 4.18621418 19.74228101
2.40158610 3.96537734 18.68525936
2.74389284 3.44643651 17.26122671
2.88364318 4.88754529 14.46348255
3.20876589 6.03453660 15.36047695
4.70723243 6.16019701 15.21978449
5.32921896 9.02542622 15.23862231
5.79488841 11.99012084 15.58433452
7.73539680 13.00601534 17.69020243
9.40676358 15.74965945 19.24988360
10.62974066 16.93405804 22.56311277
12.62773047 17.40258363 26.98099258
12.65327143 16.53248840 30.92847177
14.35160398 13.64903628 33.76530664
14.30585675 10.03483310 35.41583236
12.20926523 7.39956749 37.15718054
10.47123307 4.38693545 36.65481193
7.08700726 1.21735657 34.01755123
5.72189091 1.04187641 31.87442335
4.48895541 -0.10961334 29.21201960
3.01256254 0.20434949 27.77761198
2.74564591 0.45669691 24.91612969
2.88339673 0.90822718 23.54567588
0.98689956 0.63892885 21.97877796
0.74932220 1.87340106 20.88863056
1.22753458 1.59950322 17.50508085
1.97438468 1.89079089 16.74276249
0.52876955 1.41219667 16.21128553
1.23422005 3.35965757 15.45003231
2.40633490 2.75850034 13.63212454
0.90078929 3.48298761 12.66190594
1.42382093 2.98301852 12.54041016
2.68211613 4.73636510 12.11007697
3.33621299 7.18007317 11.22122608
4.83185666 8.50173524 11.50509493
5.97206367 9.72689830 12.62788849
6.71382346 14.32252133 14.46503972
9.94433737 16.35864569 16.48663253
11.67505224 19.93061756 20.29748972
14.69487491 20.25558419 26.19213610
15.05442599 19.24672950 33.25166327
15.58151091 15.82469713 38.10279100
15.55227776 9.02033540 40.90278046
13.37178639 2.89922952 40.14480065
9.93828560 -0.46996073 38.82751681
5.84374879 -2.15732393 34.32879759
4.19052774 -4.08019239 31.19252856
1.61764922 -4.40437325 28.86548464
0.55549941 -3.15700352 27.79648305
-1.12771313 -3.55559080 24.38255400
-1.18841459 -3.39307273 22.44794004
-2.20828367 -4.34603520 20.94468864
-2.90982866 -3.69952614 20.50853441
-2.41279160 -3.80373799 16.42205900
-2.76653744 -3.88518661 16.49220746
-3.57611663 -5.66593595 17.59797148
-3.48641554 -5.59528983 15.91501929
-5.02928462 -8.57340244 14.67574645
-5.88285099 -10.17196615 15.55655396
-6.84347669 -11.00062827 16.56399464
-8.62772959 -13.71153005 18.77000920
-9.77820320 -15.97970795 21.98470290
-11.98985082 -16.89887437 24.74473975
-13.25542178 -16.04307206 28.44043974
-13.13873587 -13.92079766 33.53615237
-14.13003670 -11.91280337 35.31989743
-13.90557732 -7.85342193 36.13955424
-10.32598383 -4.63830317 35.16339547
-7.71598914 -2.47214549 33.75626617
-7.15335704 -0.58404908 31.49637287
-6.18556292 -0.07710708 28.84348092
-3.91143595 0.58792869 27.22499253
-3.05617099 0.70098198 24.28213303
-2.29028860 -0.31740141 21.29820473
-2.22363775 -0.55254239 20.46032482
-1.07698273 -0.43202719 19.18662196
-1.06739511 -1.34560921 17.79687435
-1.96655986 -0.90335218 17.65202813
-0.94677498 -1.53184162 15.43022584
-0.25992183 -2.21716274 15.23806694
-1.38190782 -2.73828827 13.72039577
-2.06241828 -2.09516514 12.78930736
-2.29598553 -3.78150726 11.60927630
-2.53627751 -3.93608713 11.51692833
-4.38027150 -6.75492782 10.51149751
-4.51719983 -8.19464706 11.23614836
-6.20119580 -9.58004738 11.69511397
-6.88003783 -14.33212402 12.91081609
-9.57429557 -17.58750461 16.53386778
-10.90767317 -18.38401837 20.64594537
-14.30968145 -20.47756140 26.11676359
-15.06381207 -18.84775326 32.91224914
-15.32314453 -14.82453622 37.65285544
-15.10749229 -9.07277405 39.30054176
-12.38317188 -4.42649243 39.54759826
-9.38621025 -0.69095467 37.06340469
-7.39703213 1.51065490 33.34545354
-5.76298336 1.71680465 30.16762908
-3.04596466 1.77077690 28.53377990
-2.20550334 1.91080050 26.82299264
-0.91909800 1.32483697 24.44499378
-0.04565775 1.81798984 24.45056869
-0.31202364 2.10470030 21.94996320
0.22498617 2.33127796 20.55234119
1.76561491 2.79881301 18.79138793
1.78269295 3.49972782 18.20809746
1.27698319 4.26864093 15.78923866
3.75988264 5.95317240 13.69420529
4.32044986 7.80726564 14.24156739
4.85076780 8.66332781 14.65270780
5.96970620 11.53467432 15.01771471
8.51744744 13.38865762 16.60863827
9.74376349 15.95449075 19.63147691
12.57016880 18.19889871 22.37011290
13.26980323 18.28221909 27.28533474
14.04318171 16.01877664 31.20987251
14.29168064 14.22508167 35.01411250
14.23906828 10.70076893 38.76337816
12.66032137 5.73903670 38.18950256
10.65594547 2.81516267 36.48008124
7.47073424 -0.02257222 33.65317780
5.39484398 -1.40884746 30.67244231
3.78546454 -0.80138383 28.15333170
3.22632484 -1.60183319 25.75372743
2.55208759 -0.90088396 23.56876161
0.92950791 0.16479401 22.61613185
0.48708148 -1.24987942 20.62232615
0.73599545 -0.55168623 19.84210016
0.45649499 -0.14824440 17.82698687
0.95550744 0.43943079 16.56683410
-0.79890335 0.63532905 14.71776865
0.03760618 1.86114077 14.01770534
0.08970166 1.86823415 13.12975924
-0.42747267 2.06660272 12.46008534
0.55639324 2.31851248 11.19191332
0.92120102 3.06332867 10.95087121
1.75249002 3.15391924 9.79508927
2.91984008 5.14892257 9.63690321
3.18534571 5.72009734 8.96746052
3.93088973 8.85501444 8.51857524
5.70021190 11.74083608 10.21648961
7.95255064 14.19993411 12.09917878
9.33657196 17.60793157 14.93998457
12.02659070 20.40358915 19.74924180
14.87712804 19.79329177 26.12409915
15.89271147 19.82087206 33.12796383
16.69945702 15.44386707 39.22343763
15.47584591 8.84329320 41.85459676
13.24469066 2.84513733 40.87313615
9.01490082 -1.58040490 38.97204120
6.07714529 -4.12016707 34.35732849
3.24822513 -4.16839001 31.06491779
0.77834928 -4.16602566 29.61551610
-0.98183895 -3.82547234 26.83207119
-0.97330780 -3.59497731 24.21497026
-2.22898767 -3.47248786 22.71836139
-3.27309523 -4.80258108 21.00541711
-3.41600317 -4.79436092 17.83358826
-3.29731789 -5.14483904 17.90485009
-5.46731617 -7.58712209 17.38020270
-5.83859121 -7.81894967 16.80205046
-6.10177422 -9.60620937 17.21517392
-5.95892509 -10.98318192 18.28504173
-7.75003557 -12.79532251 18.80667566
-8.77487346 -14.09798853 20.27674941
-11.37399085 -14.57870714 23.54113346
-12.51956729 -16.75522331 26.54744172
-12.81890951 -15.86927504 30.61787241
-13.48985511 -13.71525608 33.61596190
-12.64084508 -9.20827934 36.65200136
-11.96629307 -7.05983243 34.54556047
-10.07175758 -4.23954202 34.60109183
-8.38723108 -2.75412792 33.10057258
-6.41478697 -2.00606450 30.63650197
-5.01801207 -1.50051331 29.64138056
-5.22303791 -0.03634901 27.41260770
-4.94484589 -0.83842476 24.95362425
-3.01906395 -2.28009450 23.10219638
-2.50426935 -1.91621075 21.63267635
-3.27513364 -2.95492068 20.13984035
-3.73480802 -4.09982422 18.68691790
-2.90102290 -3.38837133 17.36243523
-2.80507616 -4.05443437 16.72392497
-3.01723473 -5.47496360 16.31005155
-4.43311145 -7.83799736 14.73355215
-5.76714169 -9.33932165 14.62195211
-7.01636682 -10.88219855 15.02147018
-8.07491791 -13.27613473 17.89579949
-9.79670899 -15.47270695 20.25298046
-11.81279760 -17.73412877 23.81883897
-12.06921134 -17.15224536 27.27323369
-12.93863029 -14.94136430 33.38233297
-13.36992581 -13.16631792 35.33780567
-13.45863413 -8.37208084 36.85581817
-11.16957832 -5.30299875 36.73163950
-9.30889715 -2.02835000 34.49153143
-7.51340536 -0.30244277 32.72367842
-5.02784760 -0.43143872 30.82756351
-3.96271259 -1.21440264 30.14363858
-2.83998605 -0.86806208 26.78884344
-2.26963827 -0.24996916 25.66511881
-1.89075552 -1.34206717 23.57888428
-2.66613401 -1.48396193 21.55980124
-1.46223848 -2.20411228 19.06061482
-1.65262182 -0.45934706 18.42379604
-2.12231609 -1.27432267 15.59433662
-0.82735006 -1.94839034 16.02571213
-1.09137382 -2.58764815 14.24088688
-1.78980179 -3.63862154 11.78832455
-2.82376759 -5.28835471 12.21973053
-3.11328500 -6.65793175 12.47139268
-4.77003586 -8.87026845 11.87786508
-6.24755553 -9.78951528 13.21660877
-8.44067146 -13.45211434 14.21295988
-9.48653746 -16.95416649 16.78041057
-12.02781175 -18.55410064 21.91527244
-14.52630935 -19.78766200 27.76759091
-15.15694496 -16.84324876 33.48555191
-15.07389544 -13.63581474 38.41639673
-13.18188684 -7.84921428 38.98106442
-11.31256855 -2.90855825 38.66544059
-9.31897491 -0.41580328 36.21051869
-6.77914064 1.11228959 32.43037611
-4.72379040 1.71450026 29.70442549
-3.19576991 1.63627202 27.75995896
-2.35755473 1.30854967 26.87476545
-1.05368405 1.32195569 23.93613810
-0.80148839 2.19909989 20.98594012
-0.61370250 1.47273247 18.25729718
0.82951794 1.16261108 18.76771701
1.11603639 1.66841351 17.08218128
0.24339163 3.05084748 16.48423302
1.41002893 3.17358451 14.26574178
2.38719394 3.55683364 14.15593356
2.62860522 3.75944563 13.51625720
3.11443910 5.07236581 12.08483390
3.50971167 5.80750573 11.78042572
4.08447361 7.69249590 12.04996847
5.04871733 10.53900676 12.64270469
7.29307317 13.24398038 13.24698106
9.16995142 15.20731579 16.27660232
11.80468949 17.87282899 19.13672352
14.01927394 19.68039007 24.17867365
14.70096829 20.06151878 32.17864214
14.91404322 15.25177616 36.11544790
15.09137602 11.11102896 39.35640118
13.51268677 4.58558256 40.13713781
10.33070831 0.81136784 38.28554849
7.26122859 -1.23558408 34.86979132
5.11726350 -2.55280987 32.01440754
2.78916065 -2.87315545 29.35209167
1.39252415 -2.35146490 27.23073805
0.80910012 -2.49752252 23.73031378
-0.34371651 -3.02880988 24.02562509
-0.81681351 -1.86253477 21.22719942
-1.28289393 -2.03630931 19.96421303
-2.45534223 -2.16096819 17.30705769
-2.33336107 -3.84844491 16.64737800
-1.60697541 -3.62793329 15.45832355
-3.28100085 -4.02991100 15.65650539
-4.21735645 -5.78913344 13.92197898
-4.63554353 -6.31918011 14.18325051
-4.42445809 -8.06227631 13.42683674
-5.60888256 -8.70974983 13.85309421
-7.08121362 -10.95305440 14.95180310
-7.95250331 -15.21985348 17.45462309
-11.63806294 -15.29309486 18.87180141
-11.97104662 -18.57739179 23.53618652
-13.14781225 -17.41042472 28.57641463
-15.08488899 -14.96149111 33.78914901
-14.46268610 -12.02351413 36.96919656
-13.44129782 -6.63526033 37.39282176
-11.34330001 -3.00342471 36.53989063
-8.65958878 0.28714732 33.41477872
-5.06193786 1.54361712 31.25134399
-2.81406955 2.23498893 29.70385052
-2.25964844 1.83180535 26.90566706
-0.16261582 1.48108569 24.63645261
-0.40707840 2.00721306 22.13929551
0.84680320 1.45936799 20.07026305
0.19279133 1.45272514 18.69781530
0.58427466 0.81314911 17.74923611
0.88618863 0.88243361 16.91635115
2.49977613 0.94565181 15.71312018
1.10428028 1.17296735 14.57960355
0.54987985 2.17944351 12.98829680
1.36618576 2.53042819 12.29200411
0.98723296 2.28095335 11.30628405
1.15571188 3.56438886 10.56254038
2.17424022 4.09014104 10.75920285
2.27396569 4.46588074 8.49364626
3.08299735 5.11680504 8.83675197
3.76854723 7.97536253 9.49794160
5.03307874 9.34929776 8.78786639
6.59960885 12.41410405 10.04825237
7.65417159 15.73451915 12.58088768
11.23111486 18.66513892 16.28740991
13.23499224 20.52231503 21.61968961
14.95314891 21.75366047 30.28729290
16.48560149 17.89642337 37.14176620
16.20823951 13.52802113 41.29808896
14.18833006 4.80603089 41.53976167
11.45719927 -0.64895229 39.85982327
6.87467483 -2.59388719 36.00055885
4.15433879 -3.32976368 32.61719990
1.67283560 -4.30146039 30.78695040
0.19773930 -4.02044888 27.30560808
-0.77778834 -5.16173160 24.52573670
-2.25545813 -4.80072149 23.32672471
-2.45241283 -5.39463536 20.85295980
-3.35832774 -6.36218592 19.27162887
-5.03781645 -6.06984865 18.18273456
-5.45152121 -8.01620565 17.77486202
-5.06900567 -8.50555424 18.13115223
-5.79086689 -9.12554144 18.04347435
-6.57040173 -10.63316669 18.21709482
-7.48675415 -11.51406741 18.37976995
-8.60879312 -13.15002417 20.25841887
-9.78679260 -14.39876872 22.88423415
-12.17833687 -15.30069779 25.50119867
-13.37740200 -15.04433889 29.03036178
-13.79064834 -13.84828514 32.73624446
-13.02712749 -11.24444494 34.57082476
-11.69165228 -8.20918996 35.79362440
-10.98603749 -5.37903198 35.98381987
-10.51117179 -3.20652780 33.65875623
-8.36870347 -2.05025437 32.47789262
-6.45715329 -1.84293779 30.25029988
-5.28850401 -1.13042680 26.96603709
-4.36615120 -1.63746014 25.10619104
-3.67259554 -2.39406493 23.31749316
-3.50231268 -2.93654013 21.31260027
-2.59555769 -3.88042334 20.28632302
-3.49474123 -3.06555019 19.34047085
-3.69195514 -4.42061669 18.57976145
-3.37090521 -5.79241701 17.32353837
-5.00485669 -5.91895703 16.26131576
-4.77288771 -8.26375211 14.90673172
-5.71366134 -10.24347298 16.10129111
-6.95802029 -10.78530830 16.81827241
-7.22834764 -13.49153148 18.52725346
-9.73503345 -15.09715720 21.62611074
-10.14197242 -16.37969968 24.55923834
-12.64858748 -15.93774774 27.94575401
-14.18988548 -15.38991986 31.16090028
-13.73108435 -13.34234409 34.92647235
-13.69442696 -9.20714733 36.37700363
-12.10238992 -6.00710647 36.09164079
-9.76081062 -1.76497405 35.66979663
-7.43474376 -0.72379241 33.25739666
-6.00624340 -0.93215130 30.14500462
-3.61654951 0.44603046 29.02622047
-2.45014431 1.05604804 26.37921229
-1.73745995 0.35051795 23.37700988
-1.77628035 -0.07735480 22.45054898
-1.21366609 -2.01415100 20.98283638
-2.84065236 -1.37614075 19.74409743
-2.10348380 -2.78047343 17.56183502
-2.40040863 -2.60431486 17.15884044
-2.21725208 -4.20482363 15.90559915
-2.92892680 -4.42908343 14.09745850
-3.21063352 -5.52870221 13.21366779
-2.99752051 -6.25124655 14.22787989
-4.89536474 -8.03962122 14.13396552
-5.93468525 -10.37075889 14.20325025
-7.45146880 -13.44930456 16.12648613
-8.77061161 -15.03781243 18.39835105
-10.75685192 -17.37259496 21.46640354
-12.42322266 -17.75869927 25.05657023
-13.39252030 -16.90728494 31.18053693
-13.84204855 -14.41068583 35.10969756
-13.99156269 -11.55493880 37.16886103
-12.58364067 -8.20743220 37.72292584
-11.39380907 -3.81228989 36.99480513
-8.68432428 0.60676380 34.01337904
-5.52469966 1.10020084 32.45377362
-3.55572233 1.32224236 29.05978507
-2.16250485 2.75946829 27.32119333
-0.86944015 2.31047903 24.70614021
-0.30076727 1.52813779 22.99824288
0.40675169 0.93173403 20.94865800
0.34073367 0.99124451 19.85530128
0.17925131 1.04530593 19.50119478
0.34429750 1.55910568 17.99293055
-1.13227615 1.39909716 16.07828736
0.60424540 1.70336390 14.82313667
-1.55574946 2.21110068 14.13386155
-0.03761916 1.40297303 13.17906508
1.44154621 2.84231732 11.26591493
1.75682150 2.93666913 10.79733603
1.62988169 2.86571812 9.19242847
2.90890941 4.87384098 10.16250431
4.86093704 7.41019732 10.52832515
5.29103588 10.80465918 10.45791477
8.29718994 13.52718351 10.77796331
9.35443570 16.95342390 14.84994654
12.09972333 20.77288956 18.44225346
15.11208559 20.57582454 24.89095421
15.90221204 20.13182929 32.99652111
15.85057385 16.25761423 38.44516189
15.59228218 9.43455030 41.13796343
13.19714567 3.46255339 40.64278681
9.22059487 -1.19884806 38.38231476
6.52464593 -1.73055401 34.47170086
3.76120443 -3.60184622 30.76252843
2.52474832 -2.34715499 28.62478031
0.69353052 -3.29682741 26.63674745
-0.60491758 -2.64776953 24.37879671
-1.40099919 -3.40083690 21.69913053
-2.01920323 -3.54902115 21.51187458
-2.39780876 -4.44368033 17.85681378
-3.70053254 -4.65544130 17.79918499
-4.29781914 -5.45891470 16.82409645
-3.71644140 -7.13015648 16.86573915
-5.14809290 -8.18958485 16.84958937
-6.48625843 -9.58522881 17.06496632
-6.67104721 -9.89016761 16.92988491
-7.65812748 -12.81450980 19.01295450
-10.26813165 -13.68161116 20.92451114
-10.88998498 -16.35456881 22.88171975
-12.15688809 -16.38636631 28.66368153
-13.38592617 -16.08767625 30.96612193
-13.47018367 -13.10003475 35.31658698
-13.85728273 -9.11884020 36.83407114
-11.46117835 -4.54062633 36.68312189
-9.81556347 -2.17675258 34.92685463
-7.62425613 0.36340930 33.09838416
-5.14163128 0.62771135 29.69050690
-3.42547686 0.91363897 28.09847815
-2.13057668 -0.13015334 25.69541151
-1.66964116 0.76692636 23.78458088
-1.96882466 -1.23770021 22.39282662
-1.55575463 -1.84163343 21.38332142
-1.31951616 -2.40683610 19.15487493
-1.91753477 -0.84545872 18.47345425
-2.15383370 -2.50507882 16.89669784
-2.17304452 -4.06257062 15.28907856
-3.01774726 -4.13375140 14.75610971
-3.93040229 -5.58011034 14.03918392
-4.64266357 -6.52104447 13.37462652
-5.20691169 -10.40111739 14.21005763
-6.80586587 -11.87039701 15.04971456
-8.17123462 -14.51959855 15.94196156
-9.91958257 -17.76861825 19.09451749
-12.51674146 -17.60109007 24.60546434
-13.56389162 -18.14286438 29.00934784
-14.33442256 -15.41637188 34.26455018
-15.03587114 -10.76489454 37.43334827
-12.41263280 -7.87292750 37.40015848
-11.35988173 -4.04464106 36.25449413
-9.67407323 -0.82492957 35.80092523
-7.32481440 0.85511641 32.48462574
-5.50242422 0.34269643 29.82443789
-3.46583415 0.46768016 27.22141708
-2.47026142 1.49179221 25.22458105
-1.68391518 0.65389261 22.58812484
-0.67717205 -0.99316999 21.80196974
-0.49322262 -0.71167235 19.36362891
-0.38962365 0.67177262 18.60175190
-0.36581778 -0.12721486 16.34960070
-0.25163314 -0.94219794 14.62640393
-1.62010096 -0.52786701 13.68544480
-0.83880305 -0.53106113 11.20188722
-1.75306837 -0.10048405 11.67553652
-0.70694071 -1.45464052 10.93088996
-0.83891879 -1.38875414 10.63159191
-0.45253435 -1.12735906 8.62457245
-0.54978071 -1.85930410 9.71062995
-1.32980347 -1.93567665 9.20295179
-1.95363569 -3.41684131 8.91087695
-1.92216332 -3.59782278 7.84506675
-3.00918356 -4.58353745 8.17942097
-3.79930822 -6.97353064 7.02880297
-4.77728225 -9.68517748 8.46721200
-7.34289088 -12.95298212 9.06737600
-8.78730362 -17.07886902 10.97638440
-11.31265117 -20.33588688 15.76258971
-14.47795765 -21.69807040 23.18678826
-15.90415482 -22.07736048 31.00603066
-16.63896063 -18.28323841 38.58552612
-16.24897289 -11.21054412 41.46704552
-14.56128354 -3.85749264 41.54689325
-11.29282749 0.83648889 40.79717340
-7.61335372 3.87076915 36.71172267
-4.11314791 5.02523235 31.88199446
-2.13430665 5.60367586 29.38384432
0.24579806 5.95911282 27.73129837
0.88040317 5.54683813 25.62581701
2.33883578 4.72239389 23.85752591
3.21748759 4.92446369 22.99786583
5.14687635 5.43509832 20.90876879
3.92745320 6.12842531 20.37015465
5.99291387 6.63340281 19.49772002
5.95755010 8.18924778 19.08449869
6.90595952 9.79079897 19.07968335
7.82902515 11.15220100 19.90058115
9.04506664 12.99446393 21.42953141
10.01657758 15.04934497 23.14984521
11.88430744 15.10036066 26.91658049
11.67341443 15.45159750 28.94855361
12.79883102 12.93573525 31.69856227
11.81081031 10.54875864 33.27641844
11.29529254 8.48780352 34.27758882
9.80955881 6.68365590 32.84153856
9.00419172 4.92520446 33.10294993
8.25131974 4.57154149 30.93998276
6.45096289 2.51303404 30.40504647
5.54423979 3.00795325 27.76870668
4.25135062 2.56379860 26.23963105
4.23423147 2.07806446 25.80184624
3.34491311 3.88788585 23.11836548
3.53760998 4.98710381 22.59490574
4.24917570 4.61009073 20.72841789
5.05258897 5.68928529 19.98185353
6.59437158 5.75439937 19.02539068
5.30926200 7.37459084 19.09400114
7.06461085 9.91266450 18.24284877
7.43259124 10.90647889 18.80842284
8.60732082 12.44608159 20.14367594
9.96161180 14.63172270 22.93020090
11.25583991 15.02288709 25.72663544
12.01342002 14.67206391 29.30009525
12.25580766 13.84346897 32.15131012
11.70051364 10.68547158 33.11923539
11.07532646 8.40505424 34.17766115
10.85990002 6.57232184 33.60525443
8.90941932 5.05717524 34.62623973
7.43900809 3.94541593 31.95737224
6.41160763 2.17168127 30.20976652
5.76851399 2.57838604 27.18096233
4.85065781 1.87556922 26.37684209
4.01452117 3.71995442 24.98831827
4.56193058 2.68765878 22.97620263
4.79816211 4.32395416 22.24783118
4.18534084 4.02021671 21.73890775
4.58734904 6.20074572 18.92295823
4.96969782 6.41749441 17.84722441
5.47264768 6.55835547 17.32304716
5.83875828 7.97506318 18.27910026
6.69300183 10.27512180 18.12622460
7.63434182 12.01505146 18.25855594
8.09589507 13.48549402 20.00274264
10.55873155 15.14305992 21.88308696
10.85898553 16.70108875 25.99511761
12.15767435 16.00101825 29.01552353
13.65392385 13.58987496 31.92892899
13.44308369 11.09063538 34.89416475
12.97244941 8.69013587 35.49710101
10.84251569 6.62466391 35.29096528
8.80732882 4.74265273 34.30676895
7.43226516 2.64816216 32.84041478
6.10639811 1.59972249 31.22949334
4.87707279 1.40795320 28.52509603
4.49975132 0.64591755 26.64549672
3.09478636 1.17392584 24.35133127
2.90339697 1.15909549 22.15838152
2.10392335 1.63576050 21.16115810
2.62438409 3.00583320 19.15261126
2.75495345 3.81854571 16.81853081
2.66391958 4.91109445 16.44223569
3.46295637 5.79409336 15.84939470
4.18183293 6.98748005 15.21104730
4.87082398 8.51492663 16.03866190
6.80646549 9.56932571 16.04593963
6.95150090 11.76559427 17.55844985
8.49012220 13.37527798 18.44306946
9.11387221 15.91898051 21.14406183
11.32902326 17.39805712 24.24617736
12.98887479 16.76209811 29.02043803
13.33335616 15.30736296 32.88378907
14.37628813 11.80740093 35.05799124
12.83262703 7.85607343 36.86983093
11.65794860 4.29654007 36.21946199
8.90411663 3.12422295 34.95904228
6.85229459 1.39754264 32.49367233
5.14721186 0.30979562 29.41977483
3.84596523 0.86859011 27.71252091
3.65266124 -0.08451050 25.20471653
0.88866087 2.02688041 21.82707752
0.46029279 0.82773955 21.26717639
0.82682797 1.35077872 20.38350627
1.23178899 1.36845151 17.36092266
1.59259538 2.18580636 16.77212603
1.56049322 2.61505439 16.57687411
1.41103429 2.67735483 14.40413133
2.31497603 4.13160316 13.68295877
2.69157306 3.91548687 12.33983319
2.66314706 4.82046902 13.24127594
3.72833763 5.26348968 11.88128198
4.22640595 7.46669884 11.67812264
4.92926259 9.24502820 12.58430931
6.88048900 11.30095748 13.34300173
8.28379379 14.04316739 14.47509603
10.17678373 18.68075787 17.60735726
13.09977033 18.78448147 22.60200432
13.09219774 18.74716914 28.04027160
14.41263560 17.13270584 33.15564402
14.57218705 13.10692354 38.20326724
13.83350431 7.93977426 38.95652521
11.44200987 3.33502088 39.61049179
7.96642752 0.28486821 36.32972570
5.54371781 -2.08744726 32.41929392
3.44469585 -2.31184586 29.76381496
3.23840632 -3.04523618 26.69742921
1.57841685 -2.93474954 25.03522337
-0.24123579 -3.17978556 24.15600463
-1.00959425 -3.19588436 23.37145941
-2.09810367 -2.17050941 21.20641567
-3.11448516 -2.61190874 19.04198741
-2.68338700 -2.88677330 17.76049080
-3.33122672 -4.07438248 16.31228789
-3.22012189 -4.44993046 16.93267042
-4.27682390 -6.69219298 15.03560345
-4.48723243 -6.42865604 15.54288532
-4.91553667 -8.60368146 15.08738596
-5.97870147 -10.35538868 13.91302769
-7.62154452 -13.09333942 15.52185913
-9.96660841 -16.01181028 18.03876613
-11.00441679 -18.44369081 21.68789901
-13.59058717 -19.02956040 26.56388242
-14.06694119 -17.24005561 33.39827351
-14.68795243 -13.86771532 35.62501027
-14.55293455 -10.34774926 38.10529131
-12.39003477 -5.92891169 38.22161267
-10.04560098 -2.57895094 36.43825310
-7.81458683 -0.52689933 34.04164092
-5.89875279 0.19661281 30.86278917
-3.25349698 0.23385555 29.02904680
-2.00356485 0.44148973 27.06601417
-1.70654587 0.54356146 25.02287040
-0.58745926 -0.31296661 23.14060499
0.45537372 0.13669606 21.89288019
0.59333126 0.39605993 19.97904108
-0.84226801 -0.65979887 17.92885964
-0.69165598 0.03091760 15.54456514
0.47241946 0.56115782 14.47059660
-0.79738555 -0.24889802 13.39697381
-0.96213590 -0.31683110 12.33588679
-0.53632140 0.59365033 11.01007936
-0.24555422 -0.37109573 9.94995187
-0.61188059 0.10628722 8.93396911
-0.80172530 -0.22234600 7.88958131
-0.82547679 -0.67659676 7.85262133
-0.96949394 -0.53990318 6.80769016
-1.24412503 -0.98588897 6.61739833
-0.12543437 -1.45474319 6.43098455
-1.47154373 -3.07948247 5.67955481
-1.67925815 -3.99802300 6.14079461
-3.09040221 -5.54997667 6.35598053
-4.13394836 -7.35016685 5.95763596
-5.96654505 -11.05005677 6.83770163
-8.90140453 -13.35842015 9.04447673
-10.53546150 -17.53312640 11.39075888
-13.26484166 -22.25931286 16.48790478
-16.11004456 -22.78991275 25.33208173
-17.51711960 -20.87049695 33.72627803
-16.73351874 -16.36371441 40.41403479
-16.29050295 -8.78045901 43.70226716
-13.24526961 -2.62555554 41.89398051
-9.94215419 1.17222113 40.33586704
-6.32799813 3.42940738 35.94011484
-3.98603920 5.50789138 32.50792610
-1.00426079 5.27898260 29.56833404
0.96750380 5.03465409 27.54511065
1.81451994 5.28192365 25.50683024
3.14913233 5.64420669 24.28180447
3.98719662 4.90860565 22.62965277
4.24887356 6.02286376 22.17077664
4.70036291 7.93208619 20.18712030
5.42521961 7.62452005 20.09707443
6.50243391 9.82756976 21.16897820
7.61534218 10.46448826 20.26864727
8.04647612 12.56700003 21.62620348
9.57070873 13.84676539 22.94277507
10.73952315 14.42040896 26.01317823
11.66227547 14.59172604 27.66208666
12.63297930 12.59785269 30.26528348
12.50310808 12.22187084 32.60107540
11.13040798 9.27493779 33.10211438
11.66970659 8.08157456 34.09704065
9.55636513 6.24652869 33.89312370
9.08099877 4.85288731 32.96062621
7.52677860 3.79875463 31.08164453
6.12505668 2.63337796 31.14431688
4.65331969 2.49793986 28.05999182
4.79651076 3.77039673 26.24046950
3.96635407 4.12450993 24.20952613
4.96545546 5.10680899 23.33637884
5.55860070 5.16031854 22.88702053
4.91451149 5.40101821 22.18825381
5.71536870 7.63475559 21.17034399
5.78650285 7.99748718 20.53049596
6.40955480 9.55242835 19.57457785
8.00804880 10.62328339 20.72053032
8.65073430 13.68903515 21.31273336
10.84691676 13.54511370 23.05595942
10.76448867 14.58613229 26.53322234
12.24855855 14.19027754 29.52986633
12.17497826 12.18064828 31.85841591
12.25924616 10.75254826 33.55312461
10.89743790 9.17291616 34.16259131
10.08033261 6.03215456 33.16331555
8.63094467 4.82894499 32.41967159
7.23570998 2.39670422 30.24323656
6.91189525 3.27765773 28.01923007
6.01078659 2.87737872 27.92149968
5.44918426 2.70590610 25.60099638
5.49615299 3.79064817 25.09301020
5.19676512 3.15295653 23.99928770
4.19329728 3.89408601 21.83264339
4.60701846 4.69246683 21.24620563
4.46425346 4.70179006 19.63493223
5.39632144 6.41961866 18.34924696
5.48018689 8.76799857 18.67263935
7.46483303 8.60313515 18.64073592
7.80177031 10.92828960 19.52033575
8.58302791 12.86082693 21.99970388
10.56271631 15.00326498 22.52785304
9.90050312 15.36320759 26.29679909
11.04601880 14.30247595 28.61335993
12.58524322 13.71889690 31.91481291
12.29361115 10.85374464 33.57012075
11.72374430 9.51720838 34.40571237
10.04409079 6.14946020 33.88125487
9.23042155 5.19702499 33.05708920
8.73062136 3.07547927 32.29004186
6.94265670 2.10928260 31.16404889
5.62415847 2.15793765 28.50783835
4.67974003 2.38816650 26.03336150
4.01024149 2.25946015 25.17837304
2.79688568 3.24132206 24.83470613
3.77846311 3.51668683 22.27301439
4.14813628 4.68287000 21.70194966
3.32279139 5.40475007 19.48990933
4.24568351 6.29358542 18.76782497
4.72956674 7.51068590 18.55911053
5.67661836 9.47220936 18.30192984
7.31684779 11.45076194 18.04529361
7.53989293 14.40501934 19.43255707
10.32325276 15.42580447 22.51824862
11.73043825 16.44956958 25.68885664
12.20616962 17.45071390 29.75432986
11.61738530 14.68357815 33.01101108
12.44868352 12.03541286 34.55107678
12.85814826 9.06327691 35.43832124
9.57327953 5.68486522 36.32423077
8.93848925 3.88203008 34.30267753
7.14727914 2.53721687 31.59686378
6.78026438 2.40769693 29.45313161
5.03096446 1.86154148 28.32134434
4.83592727 2.24514323 26.52327060
4.40014751 2.94325994 24.77819189
4.67005144 3.01519203 23.93862287
3.43913704 2.91175418 22.44649904
3.49219459 3.22841379 21.19257155
2.70639091 4.94098857 18.16621005
4.23061969 5.41122497 17.97251763
3.78887611 5.29349294 17.44757010
4.72210384 7.49760078 15.93481154
6.06403385 9.56591727 16.29977585
6.43183567 11.69159492 17.13134222
8.56989599 13.81870661 18.79045383
10.46631688 15.52651329 21.95377435
11.61982355 16.64101743 25.68217267
11.77464034 16.28370694 28.38771747
13.03955995 14.36936493 32.29922482
13.59906956 12.12563465 34.90669656
11.83637597 9.26862521 36.31808399
10.86689105 6.21003865 36.20938474
10.02121234 2.79188742 34.91355594
7.93962241 1.97176574 33.90781795
6.43842688 1.37752386 31.20030952
5.98515930 0.58729759 28.13141128
4.35711611 0.56957649 27.31750119
3.71341378 1.47860824 25.60932243
4.57287096 0.94786375 23.51274675
2.69785482 1.14014088 22.31802326
2.12021563 2.18885130 20.23611650
2.64481251 3.50644515 18.55669040
2.82921010 4.50373532 17.10556532
2.74299306 4.97127943 14.83097749
3.17995123 5.16083295 15.00841915
5.59383279 6.96944839 14.34266790
5.41981365 8.84078156 14.27445503
6.05214076 10.83396047 15.92073820
8.27197542 13.09958147 16.66399230
9.35907636 14.96351381 18.81558676
11.18173411 17.27858926 21.78275537
13.40969586 18.24540765 26.74621835
13.28686505 17.36015192 32.31593003
14.60101723 13.73524808 35.12389477
15.01281994 9.58215314 38.02160806
12.38922998 4.02224058 38.49854593
9.65212712 1.88414949 35.46159795
7.22209110 0.12973599 33.53509108
5.23304391 -1.12105146 30.84180141
3.74115615 -0.80579750 28.61117045
2.68263976 -0.49213251 26.34290630
2.43851126 -1.77218608 24.97154922
0.47050147 -0.11841204 24.29558796
1.35035542 -0.28945199 21.62185914
0.59907408 0.80741738 20.31773959
1.04524598 0.04581858 19.81748869
0.38561652 1.18819598 17.18082001
1.74068897 1.35491813 16.83135824
1.72130164 1.88454274 14.79866127
1.63409237 2.03138672 14.72261422
0.70126390 2.50590992 13.15817113
2.24388643 2.51746890 12.22599848
2.64789587 3.68857853 11.16802234
2.37175024 5.50005796 10.44872474
4.08653531 7.54890388 10.55147351
5.55735465 9.72920259 11.42919924
7.14876080 13.31220578 12.18809490
9.09116521 15.93326246 14.51888611
11.42461305 18.36257481 18.43040582
14.29569602 20.25612596 24.67999186
15.68670290 20.01145575 31.69183789
14.57183778 17.14234591 36.55923097
15.32309609 12.42471465 39.94892098
13.83617892 4.85706342 41.24721970
9.94044364 0.43124758 40.07108566
7.50059551 -1.89532161 36.30715570
5.21244017 -3.50517728 31.77385448
1.90968118 -3.95457434 29.34957759
0.97219967 -4.36707049 26.44351218
-0.59244693 -3.72631179 24.74697721
-1.54865824 -3.87191614 23.84918306
-1.14057221 -4.26530570 20.60597200
-2.51906344 -3.94024175 18.76934367
-2.63624408 -4.65730555 17.90928646
-4.09358423 -4.33789103 17.23305441
-2.71999321 -5.52745133 16.70245225
-3.94347206 -7.37936093 16.11583726
-5.15347917 -8.52531813 16.32000083
-5.71974398 -11.05719062 14.95095784
-7.62692258 -11.89839582 17.16294598
-7.76997658 -13.58236230 18.37697964
-10.19079523 -15.18478501 21.28905724
-11.92725427 -17.52813010 23.87231260
-13.45446394 -16.19654129 29.14548109
-14.36859539 -15.90031880 33.33668020
-13.58905429 -12.42464043 36.87979870
-12.80283169 -7.57948357 36.40395797
-10.77373050 -3.67026330 36.23626980
-9.09385845 -1.62698133 33.94039563
-6.86825371 -0.71189532 32.49329878
-5.37943513 -1.34744942 30.42693025
-2.90503837 -1.18859455 28.58581890
-3.55814643 -0.12350515 25.71200497
-1.53686685 -0.51710899 24.57443381
-0.99091227 -1.23059955 23.05730549
-1.79070919 -0.63245298 19.49768403
-0.02347852 -1.12494110 19.13676388
-0.76883614 -1.01339792 17.86069367
-0.94679097 -1.85143826 15.85508212
-1.67805739 -1.76742836 13.98996113
-2.11614665 -3.02774499 14.36625629
-2.56669145 -4.08514583 12.46823880
-2.88767718 -4.62226630 12.36397000
-3.11796086 -7.40566847 12.16465109
-4.96444291 -7.25786291 12.96537008
-6.96298401 -11.05851724 13.03424801
-7.52319873 -13.83114465 14.67540657
-9.27255163 -16.35064559 18.00738851
-11.49283145 -17.61770448 22.79559495
-13.52008266 -19.01740870 28.74728933
-14.98549510 -18.03439820 32.62966874
-15.40362878 -12.70208363 37.53658683
-14.41393449 -8.61255867 38.62868779
-12.62755692 -3.85162297 39.04238177
-9.59694350 -1.56305853 36.14926530
-7.24386058 1.35189287 33.14276550
-5.09964686 1.66097308 30.40735501
-4.55345810 2.14103773 28.16936996
-2.25641182 1.86666892 26.40858254
-0.33595289 3.10499874 24.36904508
-0.43750177 3.02702461 22.15767281
0.52389851 1.99477848 19.65913491
0.22711919 2.22058750 19.07006087
2.09967599 2.33781087 17.17032809
1.39975114 3.38687355 16.73075889
1.85171348 3.00660219 14.64501676
3.42984321 3.44414131 13.16010984
3.32110527 4.94999290 12.98151055
3.06642179 5.27138166 13.27970377
3.79074402 7.03893973 12.35058131
5.02387659 8.29391266 12.25579156
6.75293201 11.89644335 12.86552568
7.92704980 15.08904411 15.50557006
10.07518465 17.63450533 16.96415850
13.09386773 19.96147112 21.47007539
14.12549971 19.34594288 28.01881978
16.24017068 18.11975735 32.78237518
15.62740929 13.77232308 38.70208859
15.37932752 8.37614215 40.44040675
12.41418988 3.79292343 40.05773551
9.76216168 -0.04250661 37.48113068
6.23841703 -2.38272604 33.69767403
3.97632048 -2.95409273 30.30281560
2.85549382 -3.13069565 28.25716670
1.75869093 -2.02010400 25.73609698
0.29829018 -1.27576725 24.48942788
-1.22581951 -1.54562362 22.90470974
-1.69962755 -3.03859403 21.74644503
-2.03922439 -1.14650230 19.56687766
-2.55589488 -1.61608616 18.22666445
-1.75417298 -3.40005931 16.30853541
-1.48883866 -3.30746435 15.01304534
-2.43395525 -3.23091157 14.37512471
-3.98207931 -4.53096780 13.13503999
-3.59868402 -6.70632910 12.87412436
-4.38700965 -7.10904811 11.97084204
-4.38012693 -10.84167957 12.38907885
-7.55616316 -11.89179541 14.15498214
-8.60727815 -13.80686077 16.04272261
-9.46004409 -17.30920758 18.46132253
-12.29066132 -19.35274770 24.12644149
-14.13405026 -18.68079301 29.31418527
-15.15655336 -16.18295642 34.98248785
-14.94545647 -11.59160568 39.23282392
-13.28701399 -6.28265965 39.95793299
-11.57247445 -1.90032346 38.66316780
-8.27057105 0.61990946 36.67033314
-6.75321336 1.73348393 32.06468064
-4.21414172 2.00129619 29.14570680
-2.56549267 1.72902004 26.83938115
-1.73942529 1.08931003 24.85379482
-0.74543236 0.89926327 21.69534819
-0.39151420 1.22514032 20.95349493
-0.22552077 1.59177417 19.27010239
0.38991036 2.48716336 18.65537087
0.39070812 2.00725090 17.10035695
1.42110177 2.84755698 15.56852305
0.75086090 3.33599583 14.86349912
2.04928034 3.15791722 13.78345568
1.57088495 4.43767812 12.06736580
2.44422534 5.02676648 11.52615176
3.31554544 7.20457790 10.18916072
5.05094141 8.57966071 10.67405290
6.01084596 10.02794708 11.46289425
7.23647259 13.76781224 13.16425970
9.79294962 17.49991310 15.32030654
10.93464222 19.12354129 19.94410089
13.97231931 20.43725393 25.58562822
16.15143689 19.07960929 32.70178561
15.74589435 14.60108235 37.82580376
14.86030140 9.55802225 40.18623551
12.85840516 3.15806618 39.64974214
9.98570629 -0.11148180 36.53651876
5.78583731 -0.87581827 33.72013380
3.61281192 -2.00137104 30.86137315
2.57550681 -2.46169120 28.13185747
0.96805609 -1.97135927 26.45162537
0.79339772 -2.50466650 25.21064415
-0.74342944 -2.64044742 23.19906751
-2.26438125 -2.22863556 20.58642091
-2.43197309 -3.15980750 19.90667632
-3.47665354 -2.69025609 18.30545381
-2.23492044 -3.24911161 16.39164825
-2.50042687 -4.50588914 16.05972564
-2.85755337 -4.86513735 14.57751718
-2.82987571 -4.59011894 13.15209094
-3.45464817 -6.79347475 13.70379462
-5.08257756 -9.41903724 13.61108655
-7.18556610 -11.39499628 13.78924402
-7.14186086 -13.03411805 15.28697789
-8.82694387 -14.63194302 17.46445474
-10.84170583 -17.65612463 21.65849879
-12.63716697 -17.79581169 26.26881908
-14.76177572 -17.26053415 31.18895105
-13.70578646 -14.21023518 35.83321920
-14.41649373 -10.69056773 37.26801696
-12.04654628 -5.36633429 37.67714677
-11.19287754 -2.14709499 35.36727405
-8.28943317 0.70652978 34.13632197
-4.80849978 0.86403211 30.86360818
-3.70961648 1.51918326 28.81429608
-1.83241526 1.63374223 26.99341841
-1.14843328 1.30286898 25.08581579
-0.66682340 1.30951580 22.27353338
0.43641658 0.75760810 21.21039320
0.01991652 0.52956057 20.60323064
-0.67267117 1.72026128 19.19181054
-0.02643420 1.55571156 17.31876426
0.80148561 0.75724709 15.82411048
0.72371164 1.47708301 13.88620465
-0.09592178 1.30863640 13.68463371
0.64758512 1.61331427 12.14279383
1.01727903 3.26801989 11.60201159
1.61511551 2.57429982 10.20723409
1.73218566 5.13746590 9.83308701
2.98680281 6.03624417 9.72436100
4.04497515 8.18221961 9.99081284
6.11464763 11.22030597 10.80010850
7.91027139 14.29188523 12.18696391
9.61815311 16.82509250 14.90296177
11.88047786 19.95452877 20.61898464
14.24109662 20.67185603 27.31562849
15.04617785 18.81847547 33.12088501
15.31078776 15.26173135 37.42115152
14.69698889 10.06585382 40.23438027
12.55639476 4.42496697 40.74607058
9.28938168 0.29205051 38.85913493
6.91559343 -2.92062558 34.33810276
4.38535413 -3.07738874 31.54934572
1.37333334 -3.09671763 29.04077407
0.39210801 -3.14318001 27.19668791
-0.83105517 -3.19719005 24.55959259
-1.39296250 -3.45319265 22.00889142
-2.40518178 -3.84437100 21.53627247
-3.68454419 -4.61630044 20.35462488
-4.01809232 -6.01481640 18.48859859
-3.86597768 -5.50825602 17.96838573
-3.99392635 -6.77970047 17.13645331
-6.35526152 -7.93012841 16.56233414
-5.88803374 -10.49599574 17.42442665
-6.39008785 -11.00814215 17.92504601
-8.31394316 -12.03012519 19.71724286
-9.53072041 -14.75098369 22.39881186
-11.73263385 -15.97498891 24.05943295
-12.71098230 -16.12190920 27.77128815
-14.13390102 -13.67545024 32.05109647
-14.66576886 -12.69398791 34.52347220
-12.50366573 -9.28960173 36.72202380
-12.03824842 -6.32248440 36.12679422
-10.13269377 -3.55208894 34.59086404
-8.80603964 -1.39004485 33.09976738
-6.92945952 0.22489951 30.96067553
-4.87374920 0.56550296 29.34734794
-4.08596407 -0.14007069 26.74501641
-2.63161894 -0.78180425 24.76775038
-2.17606509 0.25327575 22.71522773
-2.09111556 -1.83007964 20.76603129
-2.01543785 -2.37651713 19.16173258
-1.38991710 -3.60871644 18.26974313
-2.95036595 -2.44622292 16.90435980
-2.97785505 -3.72735643 16.99448802
-2.93986652 -3.99492876 16.22609918
-3.33917492 -7.31232368 15.32949650
-5.54098924 -7.38046655 14.93469330
-6.01092367 -9.99498561 14.86746716
-6.53630379 -12.01199009 15.35020217
-8.61500296 -15.79191734 18.04030268
-10.74104827 -16.15513642 21.37857699
-12.71739143 -17.66970746 25.78949854
-14.15665457 -17.45107227 30.74982957
-14.39411635 -14.34485420 35.35530631
-14.07507052 -11.25797514 36.98501130
-12.70323521 -6.78852553 37.65198889
-10.59595693 -3.29120893 37.51496171
-8.88182672 -1.57991142 34.83437913
-6.20185995 0.93867787 31.80021517
-3.01818447 1.44707161 29.52044738
-3.74472209 0.40836465 27.20700837
-2.01448102 0.72348808 25.29268442
-1.68013160 0.39726919 23.40306706
-0.73012974 0.41557756 22.84798138
-0.67303102 -0.17164693 20.03586964
-0.09563614 -0.42927205 18.68014646
0.12235158 0.35272143 15.72153008
-0.25213453 -0.28302956 14.90502697
-0.07468551 0.56546087 14.51296856
-1.85880569 -0.61696472 12.86364670
-0.07722558 -1.43840495 9.27849925
-0.82688923 -0.70308480 10.94378540
-0.82572585 -1.75597660 10.90434814
-2.33873441 -2.49893267 8.41334137
-2.53713546 -3.04628579 9.23787566
-2.79073457 -5.50512704 7.26680654
-3.73796032 -6.98063015 9.01956979
-5.00130057 -9.41602950 8.99813123
-6.25403795 -12.99811883 9.03531499
-9.38393355 -15.58798730 12.23095397
-10.26594026 -18.18314606 16.55950494
-13.18180993 -21.37511654 21.89955683
-15.62849828 -22.55447688 29.53666050
-17.15823031 -19.40806904 36.10614775
-16.17344577 -12.06781431 40.05949573
-15.70931413 -6.03921617 42.47787540
-11.36433659 -1.05440426 41.59202642
-9.08447862 2.37985767 37.68721178
-5.36237286 3.18836786 32.10027332
-2.82081235 5.30551956 29.07430133
-0.27437521 4.26122188 26.84138590
0.53294222 5.02616098 24.42859412
1.28465533 4.38776741 23.30368548
2.04045457 5.40529795 21.91570972
3.49122332 4.88133377 19.72744086
3.64248464 5.63484582 19.76434066
3.78089301 6.24546145 18.72095431
4.54360435 7.33860894 17.52333194
4.57637932 8.46830704 17.32849945
6.64557537 9.65506448 16.51656181
6.59477954 12.88294680 18.17263855
9.29128927 13.22457686 19.70239940
10.27646714 15.52237505 22.31664180
12.97551979 16.35727073 25.65902908
12.18480417 16.12465807 29.76355192
13.01956125 13.89475679 32.45545311
14.02554901 11.54804466 35.20602279
12.98132659 7.94290692 36.84500202
10.46286138 4.47856268 35.78159037
8.91123748 2.92482945 34.34149941
7.05439006 1.00441880 31.79526111
5.80178719 0.19292326 29.22158214
4.18791468 1.15406562 27.76789553
3.70871077 1.48355591 25.45632456
2.34708052 1.93150506 24.13267444
2.73170749 2.44803134 22.31140794
2.85035049 1.76111712 20.55014493
2.75160767 2.70356261 19.12083919
2.20293043 5.24410950 17.84118211
3.95789376 4.43602550 16.14293690
4.12993515 6.32658802 16.58612757
4.33148230 6.94460824 16.31643699
5.44292263 8.93610491 16.61795461
5.99324012 10.38172216 16.67060532
7.26766350 12.77566931 18.98819927
9.24733525 14.80498926 19.87118665
11.63449426 16.11272940 22.78246512
12.09540123 16.31541628 26.54444651
13.57462702 15.83738866 30.12977109
13.36531833 12.93310248 34.93900298
13.30720324 10.42077654 36.95557468
11.87995531 7.91322932 37.17326485
10.55816185 4.05574860 35.51895768
7.55681676 1.75914012 34.65556706
5.33408324 0.47421335 31.16133070
3.94911492 -0.89359088 28.83531713
3.23362891 -0.41497110 27.48145148
1.89632523 1.03210820 25.25657605
2.03811022 0.22566689 24.20302076
1.46606619 0.58049922 21.55696976
2.84763273 1.13860260 19.65660641
0.82707438 1.53493359 17.91045181
1.89840879 1.86940437 15.68147144
1.55444043 3.30037070 15.18476755
2.31788242 3.66400617 14.95419383
3.18707260 4.88368762 14.02278044
2.79462111 6.56391040 13.51894147
5.09717046 8.94619490 13.16329429
7.12546427 10.46368606 14.36089498
7.44432112 13.06866701 16.06338650
9.48511149 15.77759234 18.13726153
11.76407957 17.43177754 21.60144222
13.02622498 18.32845015 25.88178478
13.83906865 17.69729464 31.93783208
13.71496374 14.85904102 34.47944304
14.51614245 10.22499734 38.54265989
12.40780708 5.50237477 40.01887623
9.58762928 1.64503218 36.26423132
7.63571006 -0.45061779 33.93669590
4.94665592 -0.63889890 31.16075204
3.40021550 -0.95324339 28.53006079
2.66031167 -0.69921587 27.10351459
0.99858764 -0.39168747 25.23140025
1.49079737 -0.41330302 23.25094276
-0.17209717 0.23727635 21.98862201
-0.06468287 0.42905145 19.85270364
0.99880377 0.27351829 20.00247029
0.51913029 -0.25412201 16.96396557
-0.20727818 0.57184474 15.44720130
-0.78891934 -0.24108399 12.83817475
-0.71556662 -0.11122506 12.39342473
-0.74178241 -0.53169059 12.27190292
-0.98059236 -1.10559878 10.11915866
-1.23035897 -2.01502645 8.75214437
-1.44642305 -1.80512652 9.13821916
-2.05358412 -1.66111521 9.25457310
-3.04281098 -4.50490365 8.23796971
-3.33497668 -5.71078663 7.87746134
-3.73823734 -8.11622718 7.44036317
-6.22537143 -10.64365235 8.97131089
-7.74712031 -13.03930034 10.59444238
-9.99280746 -17.61848184 12.17744122
-12.02561213 -21.08138416 18.14538439
-14.83215648 -23.36562038 25.46006209
-15.91664869 -21.83138847 33.55733893
-16.71406019 -17.26253859 39.82413969
-16.49128560 -9.17091074 42.79791444
-13.27564320 -1.76717531 42.42472802
-10.47745209 1.22884351 39.65000117
-7.07527791 2.86587930 34.52133186
-3.88031497 4.92165392 30.79870446
-1.92060901 4.15325165 28.53316178
0.19556377 4.99398581 26.89873744
0.65117404 4.11362128 25.21910420
1.76164679 4.18926095 23.49907759
2.44544626 4.73998164 22.54310844
3.17063415 5.68473139 21.42901162
4.53497772 5.70009802 19.41518618
4.87621293 6.33714826 19.11408975
6.12906906 7.57582411 18.20842198
7.44421702 8.44726913 18.40421015
6.51891471 11.02322766 19.16509938
8.70129321 11.84998704 18.27831141
8.95810102 14.15303737 23.31852794
10.49442322 15.58703812 25.03686708
11.65075767 15.32951276 27.67906247
11.78565533 14.58146999 31.86158466
11.95227097 12.01169612 32.91446602
11.97059867 10.25341648 34.48017973
10.57092544 7.82850384 34.55916203
10.11494369 5.41204663 34.93237754
7.90499596 4.08929816 32.71846340
8.38346742 2.85901011 30.87453879
5.68887419 2.03422665 29.59556336
5.05507506 1.35174865 27.57287868
3.76924635 2.46386273 25.53613547
4.68347012 2.79493544 24.57483014
3.99887593 3.40577154 23.94061447
3.66147432 2.96217153 21.39850532
3.08486002 3.97123416 19.95712892
4.00852217 5.38231675 18.84076997
3.64595234 6.04929686 18.47398872
5.73231712 6.33865781 16.74157444
6.11832000 9.02502948 16.79052375
6.99580487 9.94132917 16.79309180
7.29169550 12.83526302 18.18222984
9.43294865 16.05321178 20.77151463
11.60811718 17.37083332 24.26895664
13.14810727 15.94004139 29.09761312
13.68591437 14.88894565 32.25934332
12.41777530 12.18318917 34.34094227
12.67772573 9.90684616 35.78200877
11.76202654 5.75766382 36.68439097
8.63025525 3.23159314 35.60596732
7.49968610 2.65716071 32.75224775
6.06583179 0.66980721 30.25027024
4.33411852 0.83411842 28.80311068
2.75141009 -0.04515261 25.72087790
2.71437106 1.05471342 24.74996344
2.30058373 0.51919463 24.23703289
2.14019980 1.34458606 21.40772237
1.87459573 2.96908649 19.27781174
2.16381127 3.22132821 18.50091508
2.73281035 3.83380797 16.75022803
3.48040137 4.51717233 15.36816316
3.59990757 5.83038278 15.74216750
4.28223685 7.37435150 15.65995296
5.43156662 9.39580939 15.01532345
5.81836185 9.73472031 15.69648710
8.50951718 12.97125419 16.78896629
9.87688025 16.05401853 19.83472109
11.93169393 17.51560365 23.23166684
13.89762174 17.93501055 27.82671938
13.02729498 16.26089178 33.99138578
13.20340411 12.58525256 36.45938602
13.47202616 8.36656462 37.99046561
11.43062404 4.70580017 37.90462811
9.04402979 2.75807573 35.82683396
6.97751823 0.39382343 32.54547919
5.64598405 -0.22966352 30.31012143
4.54175134 -0.12207648 27.83852613
3.40113663 0.87577479 26.13725087
2.24663363 0.17537316 24.12795113
0.54888305 1.29458803 21.85980583
1.68721702 1.84312211 19.57665260
1.87538274 1.33283521 18.79392094
1.70884165 1.66335440 17.22622062
1.04931413 2.04399031 14.85169098
1.99610283 2.46324111 14.97668604
2.12867781 3.31456615 14.34328585
2.73531843 3.53204965 14.34394011
1.86772826 4.31771267 12.11393389
2.83089339 4.70670275 11.55495845
4.26022378 6.28251078 10.88561045
4.72933586 9.76749890 11.48313096
5.63955250 11.28689604 12.08780592
8.19170980 13.83288540 13.28793988
10.22472274 18.12341563 16.55385933
12.51277383 19.59531880 20.28391354
14.54268960 20.55990925 28.11564037
15.29594479 18.30384717 33.80459654
16.32593438 13.81593037 38.45514357
14.24480369 7.84241391 39.63345582
11.76669379 2.12511418 39.08491502
8.91459594 -0.46314473 36.67696673
6.43879633 -1.97873018 33.65371454
3.05839308 -1.60367798 30.98262235
1.26370943 -2.54493144 29.08652011
-0.19940351 -3.54259720 26.82137750
-0.07546437 -2.16211113 25.19198653
-1.50979829 -0.76230067 23.74586405
-1.80970825 -2.00225433 21.62778478
-1.68603327 -3.17980900 19.59549376
-2.53515147 -2.65349432 18.53120058
-2.46587856 -3.98350339 17.26906850
-3.03197648 -5.20670387 16.05479280
-3.15104593 -5.81856044 14.20458929
-3.97398839 -7.13007508 14.00983603
-5.48329675 -9.87539014 14.16935203
-6.46629328 -11.41421473 15.07586334
-7.12770600 -13.42952572 16.08698111
-9.03350900 -15.52076927 19.14533144
-11.84389758 -17.04368965 22.79681902
-12.56551515 -18.62536884 27.08563206
-14.43716985 -16.42593187 31.77790477
-13.77550062 -14.68289503 34.82730536
-13.45733522 -9.66821677 37.74194307
-12.37306082 -7.20518784 37.58941405
-10.70905170 -3.54855732 35.74976109
-8.56158785 -0.35033463 34.20702221
-5.92653700 1.37774845 32.57630811
-4.74904037 0.87010430 29.86550484
-3.18953771 0.89880163 28.35572695
-1.81147736 0.31572709 25.40495367
-1.78729467 -0.40509859 24.81976407
-1.44441058 -0.47443966 21.71453402
-1.38095609 -0.85928810 19.94627002
-1.19491289 -0.91444762 17.63763618
-1.44748795 0.01518768 17.54691842
-0.14099400 -0.76723947 15.31475634
0.58099610 -0.00109884 14.06840846
0.34158974 -0.87465605 13.95177850
-1.02562333 0.26818247 12.98106556
0.06720485 -0.34664583 12.06177518
0.18390459 0.41358806 10.74523767
-0.99764933 -0.54155927 10.13568069
-0.87064770 -0.37400689 9.46306923
-1.92168149 -1.61623855 9.26485402
-1.03774149 -1.65528909 9.05905258
-1.93671580 -2.84559466 8.05194363
-1.70373176 -3.40825350 8.43377351
-3.11038499 -4.55445440 7.80209737
-2.88486801 -6.34932275 7.18834542
-3.75150095 -8.77921095 7.76099516
-5.94812408 -11.31108732 8.76369706
-7.88595145 -14.92522129 10.23404798
-10.53628097 -17.82938262 12.50354554
-12.27385250 -20.88388625 16.78857627
-15.22103427 -24.28141945 24.15147982
-17.72499582 -23.23379681 33.07963141
-17.51988627 -17.07853361 40.83637633
-16.97341544 -10.57775684 44.09404846
-14.90918155 -2.71892641 44.17233407
-11.04444875 2.38742284 40.85396081
-6.59476929 4.92123499 36.30359914
-3.51381370 4.76480168 32.36850755
-1.25610127 5.47870110 29.51694256
0.89366437 4.60475779 28.37051595
1.37238495 6.50321306 25.90413630
2.76304056 4.69408148 24.52414097
3.75282167 5.44181229 22.77226405
4.35114390 5.92446031 22.53045831
5.51165107 6.41932175 22.20217593
5.47416333 8.77709349 21.88265386
6.71519840 10.42537094 21.18588361
7.41535891 9.81417482 21.95878937
6.81664298 10.85464773 22.63042539
10.11178071 11.32965959 24.13465186
8.57317035 13.27581756 26.02413458
10.54450750 12.99052037 27.63122571
11.82215899 12.30935648 29.71687346
11.36986302 11.55909052 32.00103679
10.55132053 9.86734006 32.73620895
10.05064562 7.84155483 33.23391245
9.90444487 5.67134800 33.64240841
7.23342274 3.86472935 33.21622648
7.53222923 3.74926646 29.40477170
6.09714756 2.88645426 27.85925743
4.73445429 3.25906548 26.33927670
4.44204026 3.59955001 25.22410119
4.09468515 3.00902497 24.45669324
4.92115840 3.53922305 23.09750646
4.99963472 4.56669836 21.69438712
4.08453735 5.38481363 20.95291744
5.14627779 7.30484784 19.49804030
5.40586336 8.28638824 19.24637681
7.19307883 9.91868237 19.27743309
6.86897633 11.34169841 19.31197089
9.48363216 12.80831691 20.58541798
9.48704511 14.45395072 22.86294876
10.15066296 14.60166907 26.20799517
11.27760936 14.06357763 28.55368528
11.30170135 13.23353292 31.24427184
10.99440790 10.91647894 31.69569590
10.98194753 8.50193078 32.48900585
9.39951605 6.42066048 33.40712638
7.75404386 5.47493314 30.75049346
7.21179467 4.60863791 31.29843505
5.61198044 3.55083567 28.20337495
5.22485487 3.71016325 27.93591656
4.62527302 2.27504468 25.65909334
4.20675004 3.36595875 25.24613844
5.20575286 3.51545573 25.37405231
4.32130565 3.81036187 21.20123182
4.23688868 6.05631445 21.38965620
3.66933898 5.59977774 19.21368957
4.78011997 6.58401216 19.43624582
5.71389581 7.94630486 18.55809048
5.92596178 8.40222150 19.13801333
7.85454624 10.50156550 18.85660871
7.66396552 12.98423363 21.01968537
9.63715400 13.66826432 21.77831151
10.54518522 14.65079446 25.87176305
12.00285208 15.72942136 28.39647506
12.25977678 14.57223993 30.75548114
12.44906058 12.12771623 34.44705818
12.00603381 8.80498057 35.03301602
10.58052352 6.29070504 36.22165447
9.51606833 3.87578749 34.61971230
7.88392754 2.24280597 31.76193362
6.36662271 1.57439447 30.09387984
5.18952788 1.57047852 28.16124814
5.08493973 1.67289378 27.18434499
4.18269117 1.74820913 25.15561237
3.90986784 3.19304772 23.60324814
3.89210647 3.85592595 21.96820069
4.78985184 5.12776709 20.70533525
3.61120428 4.94442779 20.26924410
5.01963604 6.51502529 18.54464804
4.26171320 7.85500689 17.95604224
6.16917399 8.99680562 17.76065972
7.72015725 10.96338649 18.21853005
8.37667881 13.09043648 18.96998288
9.54461572 14.24414901 21.35036492
10.41800454 15.12091704 25.22438523
11.85907028 15.06464084 27.62850249
12.14349824 13.52814894 31.05271545
12.11215824 11.64510952 31.73532084
11.89813832 9.36530784 34.60636651
11.13403778 6.43095509 34.62655469
9.18069070 5.01793767 33.79961148
7.58607716 3.85544717 32.54721711
5.91296714 1.72727604 30.08030600
5.55253249 1.93702906 27.00282546
4.86420019 1.31489158 26.89079131
4.09389003 1.86583233 24.86217855
4.09278368 2.09037243 23.16591676
3.38096483 3.20036077 21.33496947
3.52361972 3.08349361 19.48972587
3.57181182 4.89772956 19.22925227
3.57565047 4.68210440 19.56026177
3.56275691 5.24904742 17.41091033
8.30610209 5.01282736 14.52762546
